2.209787
3.270345
3.9809656
2.3773847
3.6672075
2.158412
3.3306456
2.4835238
2.3474774
3.899488
3.1809223
2.3450012
2.5251775
3.4751482
2.9239945
3.1399066
2.5108538
2.5906482
3.8862762
2.7386255
3.4292922
3.8571508
4.0856543
4.225793
3.381364
2.5830455
3.5577075
3.3088105
3.0111866
2.6087027
3.5528631
1.947978
3.5275934
4.149041
2.4072165
0.8324733
3.625608
2.8897362
2.4620347
2.659493
2.9173617
2.7943664
1.7414861
3.2722282
4.1188726
2.2964582
2.873941
1.2881846
2.3753514
3.3404346
2.5323496
2.7921333
1.9049859
1.7819424
1.9715023
2.675312
2.9959593
2.8667994
2.3233929
2.6765947
2.8699446
2.474399
3.7492397
3.236491
2.2570834
3.2038043
1.5537076
2.6942663
2.531301
2.787733
3.178301
3.3230708
2.4573832
2.4585576
2.5140638
2.532854
3.4855356
2.759756
2.1498284
2.3721428
1.7457218
2.501896
3.2424066
2.8871078
2.4881086
4.1287565
3.6966178
2.5497913
3.0892727
3.1123242
3.1558254
2.9388247
2.2078638
2.8227396
2.869903
2.832418
3.2797863
3.2227812
3.5004632
2.4841318
1.6294432
2.6349702
3.2387125
2.8043256
3.0558794
2.9588246
2.9917812
2.7417226
2.3146896
2.7367496
2.7526622
3.0785728
3.283327
4.027007
2.9407873
3.071562
3.690354
3.2661948
2.5287857
2.7249875
3.5919633
3.0430453
2.9365559
3.4494433
2.5437403
3.631078
3.4465199
3.2356799
3.3870935
2.7056966
3.8841188
2.3830152
1.970501
3.882021
3.189734
2.136702
2.3377004
2.49164
2.3062997
2.5260339
2.1573005
3.6232462
3.0421674
3.3357873
2.7649822
3.750859
2.4338188
3.4413447
2.743566
1.742557
3.6251729
2.5741024
3.363545
3.0509882
3.81706
2.8021111
2.4329252
2.6568518
2.235015
2.4570122
4.116888
2.9737368
1.0875125
2.5945163
2.849505
2.9142652
2.8917255
2.6268997
3.2294073
2.8322015
2.2434058
2.3191333
2.628624
2.1013856
4.445281
3.0992675
2.512731
2.4835725
3.8032203
2.9998074
1.5117497
2.4140925
2.8124928
2.8903441
2.6533113
2.7025943
3.169804
2.667633
3.5934358
2.1476846
1.2723422
2.542551
3.1212041
2.5968852
4.3041267
2.9449878
3.3409138
3.0900984
2.0156875
2.6601658
2.34096
3.3165898
2.413651
4.1687565
2.8092728
3.3091216
2.626237
2.7200112
3.808413
3.2516196
2.870081
3.0136585
2.6647706
4.1105485
2.218151
2.1827178
3.0051017
2.902566
2.2177835
2.526729
3.2359066
2.6546588
2.7844
2.9035592
3.1458483
3.0445533
2.8914986
3.1843238
3.2518928
3.4051228
1.6795464
2.2809997
2.057454
2.3754969
2.527615
3.6887698
3.4703512
2.7037377
3.1314518
2.5466805
4.04854
2.9166012
3.1235454
2.312828
2.8107944
3.2467868
3.0934403
2.8658662
2.645547
2.807559
3.5954401
3.577325
2.96912
3.4158685
2.1755004
3.2962677
4.729801
1.8394909
2.471118
2.7583747
2.8594632
3.5681775
2.8004184
3.1569026
2.7570276
2.0728583
2.3411999
2.692161
3.871467
4.6905513
3.0497198
2.7886658
2.2559123
2.674716
3.3072753
2.9175344
2.5540752
1.9260778
3.1575134
2.2416916
1.7981
2.9795194
3.1709814
4.577238
3.5760057
2.33421
2.1152258
2.4601455
4.2447085
3.3519776
2.92098
2.8292189
2.203349
3.118267
2.2678456
4.015024
3.3193038
2.4978428
3.7295194
2.7911634
3.3409956
2.7330313
2.5502677
2.8610163
2.3889542
3.1877904
2.4303184
2.3740573
2.658781
3.3097756
2.9574008
3.4656465
2.360489
2.338996
2.9288287
3.2382984
2.379817
3.9120426
2.3304305
3.1888125
3.0250769
2.9546504
3.8021767
3.2471068
3.2026248
2.8831558
3.1369302
3.653423
2.5479512
3.0042343
1.719841
3.0504766
3.2185824
2.315693
3.0925283
2.9075894
2.4432254
3.3276541
2.083479
2.4647446
3.5992987
2.8671942
3.1004686
3.3227663
2.684476
3.2703307
3.0196793
2.9307961
2.2123065
3.9862947
3.977793
2.9069233
4.2801332
2.8522682
2.8102856
3.351936
2.5366402
3.9064043
2.7834644
3.9568875
2.7211423
2.6352582
2.7068815
4.674121
2.8385606
3.798552
3.0116937
3.0413618
1.3647833
3.9009435
3.0821486
2.440455
2.8936682
2.8057523
3.7504923
2.5740213
3.834552
2.4921641
2.7421699
2.524437
3.077624
2.9376116
3.5347023
1.9874048
2.6957083
3.0355017
2.6786876
3.7788715
3.3681426
2.0582056
2.8616056
2.9218392
1.974576
2.3792715
2.8629727
3.5672982
4.127284
2.9712653
3.071187
3.039229
2.350809
4.2544384
2.8941612
3.1983771
1.5254078
2.7330718
2.9887033
3.0817022
2.7374377
3.5680356
3.388966
2.906394
2.162653
3.7608562
3.5828876
2.370027
2.7732105
2.2843037
3.603105
4.752948
1.9777718
3.318798
3.2859118
2.6910348
3.2456703
2.6024084
1.420589
2.2090864
3.80034
2.8990068
2.262692
3.0610456
3.5692205
3.1185017
3.4178586
2.974206
3.152698
2.6311665
2.6817298
3.056989
4.0302925
2.6326556
2.7840014
3.975646
3.1879072
3.486953
2.519608
2.7811728
3.8468258
2.8630295
3.8570597
2.0179744
3.205004
2.6900892
2.4109516
3.8131037
2.459793
2.436738
3.5112164
2.959498
3.0194037
2.253367
2.9999285
1.7238078
2.2105417
2.5423589
3.0849292
2.1034327
2.3655849
2.7237453
3.0750766
2.6997404
3.5298445
2.6608152
2.1242456
1.420197
3.594533
1.9565516
3.0904675
1.9673934
2.866682
2.887361
2.4154792
3.154545
4.079035
3.2158723
3.7984102
3.7624204
3.1325428
2.597835
3.280886
3.1750612
3.706988
2.9353828
2.6975918
1.9869075
1.725071
3.1324453
2.8387108
2.528418
3.2167015
2.5021
2.7317433
2.4493794
3.2391994
2.794374
3.3618147
1.8752904
4.6954017
2.9925542
3.0338373
3.0396898
3.3630414
2.6225324
1.9808888
1.9726105
2.8589668
3.209338
2.7940454
2.9346933
1.663415
3.5198162
2.9253383
2.197802
2.446529
3.2764828
4.09546
4.048366
3.8600206
3.007003
2.6893425
3.129818
4.045921
3.3247848
3.9589138
2.3566847
2.8953142
2.7245517
2.207056
2.540832
2.799384
2.6352239
2.5430799
2.1129856
3.1523907
2.3764558
2.5760374
2.9038248
3.5803258
3.2949903
2.8764706
2.5698156
2.7848554
3.570274
3.491942
4.6426635
2.990746
2.600646
2.2577696
2.51473
2.0485983
3.5298808
3.259025
3.167746
3.9319692
4.150338
3.4341283
4.172599
2.948543
3.288604
2.312829
2.9471931
3.2997322
3.8476458
2.2720876
3.5299687
2.6356812
3.001822
3.3106256
2.8820586
3.319799
2.0326624
3.3910728
3.5719242
4.255229
4.4029713
3.030477
1.8773503
2.5867782
2.8511138
2.9983091
2.3880763
2.073186
2.7175999
4.288756
2.0774164
3.2016094
3.1339364
2.2811599
2.979784
1.9832597
2.7911248
2.8604336
2.0583835
2.6295586
2.9613209
2.544013
2.5327706
3.4153912
3.6425028
2.7178702
1.672956
2.7594957
3.3394651
2.5529609
2.2642941
3.2369788
3.9759088
2.7301917
2.7302651
3.1691153
3.615551
3.004272
3.9859312
2.7892127
2.7745547
3.9367194
2.4860973
3.041374
2.797245
2.9180307
3.2347085
3.5094318
3.9930212
3.109343
2.9933534
2.8569822
2.84336
2.5744433
3.4647913
3.321825
2.3301444
3.2943518
2.6195579
2.8421602
3.3567781
2.4439712
2.667441
4.7361894
3.2055407
3.0947738
2.3567958
2.9317622
3.0470545
3.0556471
2.3760176
3.378891
3.0956836
4.093251
2.9222565
2.2436233
2.8270707
3.096181
3.1292539
2.9289322
3.3124285
3.2892377
2.6358953
2.8948169
4.066142
1.9214325
3.3215091
4.6486187
2.6875014
2.3051405
2.0889254
3.1837163
2.85253
2.541675
3.2507448
3.0120919
2.6112947
3.3892272
2.1599908
3.202466
2.8355947
2.7162218
3.197536
3.3645737
2.7044787
2.5869522
3.2293
4.030891
2.6963887
2.2853985
2.8619418
2.0940485
4.0822506
3.8907664
3.6153255
3.134055
2.8738055
2.9867244
3.660182
2.9808073
1.9597363
2.577362
2.3284478
2.2035332
3.0659347
3.212649
2.7565432
3.6816623
2.8389783
2.2218103
2.524382
3.5292456
3.4310217
2.6746545
2.3795557
3.4438918
2.2779431
3.2606168
2.2917976
2.9420094
2.882882
3.8471818
3.1188157
2.836512
2.2386537
2.3306756
3.2979298
2.9338136
3.942723
3.2177641
2.8569117
3.3388379
2.9704652
2.6344752
2.8387551
4.4164405
2.932592
3.9754786
2.8645968
1.2123599
2.8387022
3.089917
4.1660757
3.0994782
2.9605842
2.3121996
2.913649
3.5198495
3.950041
2.2221475
2.669651
2.4733615
3.1411018
3.8069048
3.2835224
2.9826093
3.455086
4.044249
3.0764253
2.6390781
2.6593328
3.7893271
3.337739
2.597268
2.3495264
3.9396417
3.1009808
2.8906784
3.1615503
2.771593
2.0698538
3.0145373
2.4000597
1.6905627
1.7604718
2.6939883
1.8048215
2.4541745
2.8299732
2.7660885
2.1400661
3.0817895
2.9820333
2.287735
3.2578728
2.9382935
2.4396877
2.2235913
2.3557978
2.8526187
3.0375233
2.7307525
3.077862
2.1716857
2.6783237
2.960235
2.6159182
3.1154802
3.818837
2.7172647
3.617669
3.4720378
3.5366755
4.0024204
2.504537
3.2267082
3.5121868
2.4035192
3.1282902
2.8748398
2.668974
2.9212136
2.8054833
3.5047956
2.4498043
3.0026324
3.1446338
3.7799747
2.6372538
1.8938041
3.2431698
2.9723873
2.8994207
3.0787125
4.1994944
2.543869
2.8852482
3.0108023
3.6751454
2.3944697
2.754528
3.436616
2.7572522
2.8669982
2.0127788
3.1857922
3.0530415
3.2152848
3.5532722
2.0859866
3.522759
2.9584227
2.362781
4.1457834
2.7125897
3.4057283
2.6502004
3.503758
3.0678473
3.414773
2.6893058
2.3256755
3.0952048
2.8975563
2.5315852
3.301086
4.488538
2.7723408
2.7659812
1.9641418
1.9914489
3.721803
2.9833126
3.5857706
2.70614
2.5274825
2.6948066
2.885899
2.5778809
2.666605
2.3259816
2.261281
3.0201352
2.9376984
2.9360147
3.329288
1.9742122
3.3296866
3.3326159
3.3665318
3.36502
2.4889545
3.2973409
3.0559855
2.139536
3.218058
3.6842
2.3700924
4.22332
3.1758766
2.7563562
2.6077394
3.153511
0.9689331
3.0562649
2.7182097
3.051298
4.3041406
3.236382
1.5390162
3.5725262
2.770275
3.7454252
3.5517232
3.2162855
3.2700827
2.4733396
2.072495
2.336297
3.0558152
3.162496
3.7342033
1.2853832
2.4474487
3.9889753
2.6657534
2.6240072
4.048966
3.1479275
3.6789916
3.3945744
4.023101
2.305522
2.4035292
3.9222205
3.1971338
3.243254
2.7971568
2.9596257
2.5712533
2.1329985
4.1610985
2.0230432
2.4725156
3.1773877
3.9464922
3.130973
3.4292731
3.23852
2.7834797
3.2269948
3.1335015
2.761444
3.6895092
2.9014893
2.7245498
3.0609522
3.0358896
3.0863178
1.9756441
2.8253584
3.6273656
3.5716047
3.5418565
2.9421039
4.1249743
2.7804375
3.025287
2.2723546
2.816
2.6920128
2.7781963
4.5989113
2.9667578
2.4609118
2.6140661
2.360807
3.2146344
2.7145643
2.878703
2.8664432
3.5582778
1.2126079
3.8244994
3.4497962
2.8197374
3.1104274
3.0562403
2.7693686
2.7054505
2.84829
2.475349
2.5021439
2.852584
2.1244903
1.8890257
2.6567345
3.061456
2.6055079
2.9614153
3.1472158
2.66461
3.005741
3.4425905
3.251015
3.1008222
2.3957467
1.9878812
1.9848776
2.8695064
2.5848784
3.0352335
2.5415626
2.6242332
2.483914
4.361646
2.404089
3.0098658
3.149589
2.9430313
2.187307
2.940517
2.946166
3.2947986
3.1911256
3.0976868
3.0164912
3.0601232
2.7851024
4.334886
2.4369273
3.3946111
2.9057288
4.031656
3.1442702
2.1416392
3.783478
2.9805102
1.989366
2.4882188
2.739056
3.0375102
3.123672
2.787479
3.4192228
3.0926821
2.4378505
2.796554
2.927609
2.968573
3.215887
2.6820126
2.957902
3.737229
2.237728
2.9296417
2.549553
2.660698
2.518361
2.7322483
2.8067594
2.3676052
2.9645228
3.198544
2.8150048
3.1952417
2.0413008
1.7062345
2.4607477
3.0923152
3.1944354
2.467332
3.0436459
3.1813388
3.2800827
2.6828728
3.76699
2.7940383
2.588026
3.9622598
2.4866877
2.5279489
2.6711202
3.2542737
2.0560193
2.6724534
2.5941982
2.8821526
3.0353916
3.021332
2.3004699
4.268859
2.7094269
2.4501185
3.0751178
3.1540976
2.8795652
2.144105
4.897242
3.066913
3.3972716
1.924583
3.3290772
4.7064056
2.7602305
3.7959158
2.4618225
2.0253649
3.1007364
2.2142048
3.3053834
3.017492
2.360753
2.5974526
2.6038804
3.6193936
3.9621253
1.9018474
3.2649448
2.8135228
3.0526657
2.3085656
3.322565
3.1828506
3.805633
2.4020362
3.0785432
2.782598
1.9086947
3.5147119
4.2464495
1.4439425
3.3982134
3.4403994
2.433928
2.650548
2.4132023
2.3055944
3.0586796
3.8581722
3.0482838
3.9335728
3.4981437
3.1654315
3.2775965
2.0916123
3.3295093
3.0102983
4.2690125
2.5016522
2.585321
2.8866076
2.6164036
2.676899
2.5215034
3.0331445
1.6790171
3.526003
3.4026608
2.7849827
2.9937234
4.0941563
2.3239985
2.9524937
2.9105444
2.177535
3.8683505
2.3464293
2.0938144
3.7688687
2.2355838
2.6950135
3.0943704
2.7625785
2.5523791
4.3586783
1.6357813
2.9502287
2.343423
2.808857
2.725299
2.786829
3.0190606
3.0511112
3.1689317
2.232367
3.0308723
3.795368
2.6650743
4.1861706
3.0104442
3.2777658
2.970539
3.3629205
2.5102959
2.7416096
3.5193808
1.9450836
3.4938107
3.2844043
4.1876087
2.659337
2.0120664
3.0626485
3.5374148
3.052001
3.3796737
3.2708411
3.096302
3.3576849
3.8730226
3.43368
2.498402
3.7607002
3.4303613
3.0332453
2.0268207
4.003415
2.4021745
1.7550468
2.235515
2.7841516
2.514585
3.2020311
1.7062116
2.2664433
1.3522325
2.75426
3.2202923
2.0284238
2.6986313
3.103395
2.407806
3.0633276
2.3633265
3.093317
3.465662
3.2380185
2.8467517
3.110914
2.9351811
3.3972938
4.1575794
2.8825302
2.8733492
3.4069076
2.8221865
3.2467487
3.2196217
2.9450803
2.277452
3.6378603
3.0811152
2.0172434
4.53946
2.6829467
2.688016
2.4939203
2.4450135
2.907991
4.26984
3.0146427
2.6922011
3.4217458
2.43441
3.4312844
2.7150931
2.7313128
3.0825145
2.4793692
2.7864342
2.9591632
2.7764997
3.578053
3.9666848
2.1474257
2.8222065
2.270678
3.0193274
3.1913204
2.9926805
2.171699
3.057954
3.7865944
2.5949583
2.7107491
2.0477505
2.38273
2.8851514
3.1896377
3.331757
3.7065241
1.8658509
2.937726
1.5707273
3.2569044
4.1518307
3.2808712
1.9415913
3.2112896
2.6490579
3.195091
2.4465132
3.2358422
3.4998794
2.892826
2.926745
2.8431296
2.7340035
3.0688317
3.382916
3.1691818
1.7418399
1.7554569
3.6511395
2.3164916
2.6522074
2.889234
3.443076
1.9153638
3.6081119
4.3342953
2.7989736
3.1601768
2.5362315
3.771632
3.1677563
2.1582537
3.1667805
3.1483555
2.7965093
2.952362
3.2405221
3.9713705
2.5124726
3.425607
2.7923293
4.0394945
3.5253386
5.167451
2.1205945
3.8802052
2.8213177
2.9402986
2.3446298
2.7755685
2.5026212
2.8124123
2.7463398
2.8164353
2.6067343
3.7360573
3.0110269
3.1394632
2.7676892
3.554377
2.7460485
3.2017374
3.4798014
1.4929514
3.5263846
1.9529891
3.2247996
1.8515034
3.1829226
2.8377242
3.7136033
2.5838652
3.4534075
2.9395862
2.7111812
2.7320695
2.1111503
2.970397
3.2794158
2.7218628
2.8436246
4.21747
2.4645672
2.7001429
4.3336353
3.9618433
3.8618155
2.3171988
2.801158
3.4856217
3.9476492
3.5308506
3.3194737
1.9377327
2.5419526
3.1463766
2.738429
2.6687202
3.754284
2.7856803
2.9116616
3.3158994
3.234509
2.6736903
2.8845668
2.6736312
4.658347
3.7395833
3.2307491
3.733808
2.6577234
2.811882
2.9770064
2.9400072
3.514099
3.0895562
2.6341162
2.4766254
3.01065
3.3221622
3.0371208
3.220472
4.737811
3.1013312
4.149868
3.6035957
3.14155
3.1972356
2.5536718
1.8860297
3.2517617
2.8940778
3.0069609
2.7039685
3.3415365
2.7274466
2.7864642
3.0735211
3.598887
2.7905283
2.7422743
2.6667147
2.1236987
2.5668874
2.883956
2.16889
2.9388256
2.3755522
3.266342
3.0197911
2.3289566
2.5429811
2.1232104
3.1467044
3.2570384
2.0514526
3.1459174
3.9585798
2.9418783
2.9560714
3.2359617
2.766015
2.7956057
2.0069447
2.9289484
3.126981
2.3767948
2.6690478
2.6723175
2.3810515
2.370028
2.6999621
2.0211658
3.1638656
3.0797276
3.1605277
1.4821091
2.6390061
2.523929
3.2367046
3.2366688
3.5260255
3.6214755
3.3367517
3.226712
3.2462444
3.0009446
2.713325
2.8871727
2.5781574
3.4560213
3.0101113
2.8834314
3.041981
2.4966068
3.0018785
4.5321445
2.719184
2.9667292
2.7960153
2.732778
2.7408433
2.8285985
2.835205
2.5265708
2.8321204
2.8533368
3.278343
2.6286335
3.1257758
2.2628255
2.6381035
3.4476433
2.9631171
2.702304
3.6809542
2.4726672
3.1563253
3.2633955
2.6177397
3.0144577
2.6202068
4.743752
3.0041056
2.8212266
1.3455563
3.5833025
3.0480936
2.9925313
3.3344843
3.1026647
2.3446956
2.1776443
2.829938
2.641522
2.7393727
2.158939
2.6870995
3.2066052
2.5408921
2.8369255
3.8901238
2.8001695
2.6632833
3.1881175
2.7145767
2.406157
3.4491465
2.8334622
2.217277
1.8599787
3.2034419
2.6153412
2.4526749
3.1156218
3.4991205
2.505478
1.5869832
3.3943355
2.4230313
2.6506338
3.1651642
2.7117848
2.503159
2.5215955
2.343371
1.988842
2.2955394
2.0129433
2.0094767
2.7956204
3.0353158
2.922083
3.0867605
2.9830308
3.2540033
2.8537383
2.7601233
3.0771294
2.7266207
1.699656
2.1237016
3.1024811
3.014765
2.9990993
3.4128761
3.0790248
3.3482442
3.0570211
2.6007652
2.5509644
2.4846182
3.1105127
3.8275077
2.862886
2.2012143
2.73074
2.6488733
1.7221966
2.7230763
1.9684553
3.0918877
2.3232527
3.2751296
2.150919
2.9000278
2.3906722
2.6490707
2.5522552
4.466346
2.6148186
3.1951554
3.630775
2.3687053
2.528256
2.2413535
2.7379851
3.939533
2.2405248
3.2272618
3.0075858
2.909985
2.7310467
2.7372332
2.491405
2.3090248
3.2219896
3.3054037
2.5385132
2.6245499
2.2254634
2.721424
3.6518
2.9502735
2.688499
2.1070967
3.1096067
3.8128097
2.7893476
1.4629111
3.2268844
3.517392
2.6179156
3.1087976
2.785915
4.2533255
3.6281571
2.4543366
4.261443
2.1203823
3.1362357
3.4402592
2.6661406
2.909071
3.0983198
3.6273253
2.6534305
2.3779569
3.7302697
2.8032851
2.9854202
2.655057
3.1087306
2.2086067
2.1273527
2.9746408
3.0033658
1.647399
3.2463288
2.8448973
3.2321112
2.8743525
3.0837452
3.8607044
3.992712
2.0302148
2.315741
2.6200686
2.708342
2.7737617
3.0534928
3.9022799
2.3154445
3.4744294
2.8344336
3.4481611
2.3041186
2.89362
2.5901685
4.266325
3.5204918
3.0194883
3.05562
2.7834349
3.0983632
1.6450067
3.2383466
2.8989296
2.982996
2.7992635
3.3592064
2.6108632
3.5658698
2.322616
3.7617042
2.881299
3.4468403
3.2010553
2.733724
2.2345715
3.2444203
3.0659459
2.660901
3.777384
3.314143
3.3167186
2.8426528
2.5960088
3.118227
2.740066
3.1189818
2.9880595
3.520042
2.6486826
2.4651456
3.5044608
3.4436758
2.5553126
2.9888878
2.9231224
3.019998
3.0882251
2.4229698
3.686034
2.4589982
2.946785
2.6705556
2.866324
2.4505863
2.4236174
3.452205
2.9030027
3.0732388
2.6110225
3.004918
3.1002927
3.336085
3.0222008
2.5087833
3.8055077
3.2285142
3.0814266
3.540337
2.5667667
2.555007
2.5586352
3.1136744
3.4509997
2.625095
3.555517
3.4761863
2.909531
2.9494858
3.4714925
3.7193677
2.3002343
3.0064807
2.6883287
2.3443065
3.0833747
3.5006046
2.4084044
2.7256732
2.5896626
3.2064598
3.2300777
2.7231455
2.870737
1.9481468
2.762827
1.6179256
2.85003
3.230762
2.5127153
3.0299954
3.071434
2.84507
4.8657207
2.4022908
2.6857405
3.7204082
1.99899
1.9318976
3.4669013
4.099615
4.5733976
3.9574566
2.8824162
3.15982
2.9814925
2.155908
1.9708714
2.971632
3.5147245
3.1915786
3.5314903
3.1372676
2.847291
2.479226
2.8074207
3.0469596
3.5656335
3.4841294
2.5869188
2.845932
3.0091984
2.7868986
2.8529496
2.9353771
3.2624543
3.2163591
2.8243747
3.9272635
3.175981
3.2756972
3.2224755
4.475257
3.9605775
3.2315392
3.129517
3.3250272
2.7361598
1.8132262
3.045252
2.3835497
3.1713865
4.148755
2.2859764
3.2677884
2.589994
3.0596645
1.821311
3.2980487
3.069148
2.7709255
3.0713322
3.3177035
2.7678971
2.134717
3.1109295
3.3818257
3.1780808
3.0668786
2.9688315
1.9332681
2.4526815
2.031485
2.4636002
1.9833007
2.803976
2.953083
2.317956
1.3652611
3.219987
3.325605
2.631052
2.399063
2.7592092
2.4256868
2.3964567
3.6106987
2.0329032
3.0025723
2.9725342
2.8098335
3.0430744
2.5558958
3.1752045
2.9148736
2.5420218
2.873694
3.1155608
4.147875
2.799244
3.3797405
2.140863
3.5093617
2.4722395
2.8970642
2.8417997
3.454473
2.2894492
2.5184479
2.4430027
3.1584244
3.5840092
2.5257277
2.8904972
3.3617208
3.647163
3.433033
2.8761115
2.697991
2.8742495
3.2227094
2.681912
2.6984372
2.629734
3.667157
4.027791
2.6196299
3.5678256
2.9667416
2.8275666
3.2036915
2.8987484
3.0282097
2.2346869
3.0081816
2.835174
3.3975728
2.2873354
2.8534083
2.5778608
4.4012375
4.102821
2.7094736
3.0656898
2.516552
2.3914328
2.9247055
3.3820732
3.7976656
3.3282218
3.2070723
2.203308
3.0871718
2.500008
2.8030014
3.3757436
2.505312
2.7184892
2.6001968
2.9569306
2.4360213
2.3180914
2.521638
1.8876438
2.1862373
2.7417035
1.8692393
2.3887434
3.0668411
3.2043428
2.6190228
2.8341103
4.3657722
2.6141458
2.7660189
1.7432489
3.1757143
3.3732615
3.2880263
2.7075534
4.622413
1.5862846
2.6707559
2.411261
2.9533086
3.0649483
2.6248899
2.3707986
2.8402371
2.653767
2.5695314
3.1294248
2.375618
3.2022007
2.7249904
2.866488
3.0105464
2.6765203
3.0476382
3.1317449
2.557437
3.084272
2.5288172
2.8322449
2.2528787
2.9697976
2.8550935
2.7034626
2.189302
2.988585
3.3184748
2.476448
3.1060917
2.9067068
3.2459452
2.567061
2.920703
3.271864
2.7056131
2.304515
3.6607258
2.5759082
3.6899462
1.8227463
3.2890832
2.7553725
3.1664917
2.9924169
3.156577
2.6833062
2.6791987
2.4181485
3.5197034
2.5481815
2.3262272
3.1084557
2.5980754
3.3584137
2.5562878
2.984188
2.1687984
3.0541394
2.931261
3.2139935
2.545361
3.0657775
3.2209182
2.5799565
3.6687987
2.6985831
3.1539984
2.3443718
2.8093944
2.6460958
2.9162922
2.9186177
3.1048093
1.4852133
3.6145196
3.1678998
2.6303105
3.3826292
2.8276968
2.8167977
2.8890505
2.8947387
3.1161978
2.9704509
3.001818
2.2824535
3.307827
3.0519366
2.2607598
3.1058683
2.1114922
2.8678641
2.512793
2.9874663
2.71385
3.178396
3.3538797
3.0301373
1.9665232
1.3480296
2.1866164
2.8750172
3.0375721
2.6326742
2.341257
2.984922
2.750832
4.931698
3.2340522
2.5670772
2.978485
4.2384043
3.845724
3.1171718
2.7043042
2.6406326
3.7706423
4.4159956
4.8798437
2.7926655
2.673843
3.443062
3.1083233
3.0635307
2.890287
3.970436
2.7636938
3.4036465
3.6373818
4.4696813
4.5231485
3.0829837
2.7436938
2.5353422
3.2922432
2.5454903
1.9202819
2.8727612
3.0156784
2.968556
3.2699547
2.2380757
3.3899417
2.6527948
3.6047409
2.2058792
3.3380013
2.9390965
2.8505163
3.3138688
2.497427
3.1969662
3.0458877
3.7425811
3.4975445
2.8895326
3.49197
3.2307217
2.1649246
4.365562
3.507534
2.8037133
3.1698258
1.5798612
3.051447
3.1710927
2.9615865
3.3228362
2.0668626
2.0184402
2.8829904
2.0808935
3.003392
3.0038683
2.7948713
2.0479321
2.8318896
3.0769844
2.823007
1.9125714
2.8442602
3.1838076
4.0774717
2.6503692
2.7903962
3.4759717
2.6396055
2.64081
3.4304001
3.0790794
1.8294454
2.7776833
2.0503378
3.4044673
3.0817473
2.5496244
3.1385813
2.836719
2.2634487
3.0018623
3.5625794
3.9688625
3.3954875
2.2881246
1.8888936
4.455862
3.3316226
3.2418709
2.8999395
3.7712274
2.695971
3.5336611
3.4716306
2.7500467
2.8794556
3.429258
2.5410037
2.1707692
3.2770834
4.401218
2.677702
2.9051566
2.7904682
1.941823
2.3199072
2.497881
2.8878117
2.0174618
3.46431
2.824061
2.545508
3.2131176
2.3394108
2.7179322
3.0784545
2.2128897
3.7103572
3.0746777
2.7508383
4.20708
3.1235888
2.819221
2.8593493
3.6395524
4.290118
2.3397083
2.7018852
3.1635926
2.7788706
2.8525038
3.045075
2.1619391
3.1181066
2.7805448
3.037761
3.7575402
3.498779
3.243723
1.9746671
2.3410497
2.4833012
3.239905
3.256118
2.7839446
2.7773495
3.6076567
3.0284147
4.4279566
3.0066545
3.5878298
3.4187233
2.8732367
3.4843485
2.6558633
3.3220146
4.318712
2.817027
2.8471756
2.106779
2.7169309
3.694144
2.5569396
2.636201
2.5327258
2.9111242
4.0557566
1.6813183
2.913979
3.8482277
2.2543607
3.8010159
3.0455043
2.5356526
2.5868664
1.9556203
2.585577
2.6424632
2.4269695
2.2862864
2.522606
2.4636288
3.022415
3.33424
3.3039982
2.8749733
2.7939858
1.479888
2.847427
2.6774898
3.1300554
3.2187963
2.1598735
3.4577765
3.215933
3.2667878
3.310513
2.59408
4.2152376
2.7893891
3.2736928
3.1492121
3.381016
2.6917167
3.0587537
2.399414
2.2983027
2.700602
4.0593367
2.190702
1.4971566
2.798572
3.0337107
3.351318
2.4932485
2.7729292
2.8188462
4.4997864
2.4912705
3.00177
2.7998729
2.3901706
3.8865733
1.8564839
2.2974982
2.1803498
3.1181636
2.3951335
2.9691553
2.3273144
3.4477322
3.4572022
3.938779
2.60996
2.8549428
3.7278159
3.6499057
1.8504105
2.7805786
3.855326
2.914339
2.882298
2.7927775
2.9395666
2.670598
1.8934989
3.7056866
2.9797792
3.684933
2.782598
2.335247
2.5610623
3.0903628
2.640048
2.879675
2.940228
2.4738307
3.3271022
2.450159
3.0399983
2.5294557
3.2121584
3.898266
4.16538
4.1611094
2.8123903
3.206613
3.4040353
3.407693
2.8555822
4.290368
3.1977408
2.8151178
3.041729
2.6030936
2.8343234
2.6144075
2.8117676
2.60143
4.4421153
3.2090435
4.171647
3.231279
2.922409
2.910853
3.4210362
1.9626923
2.9370813
3.7933917
4.0330706
4.1965785
3.0366192
2.7815275
3.07243
2.5116634
2.9215374
2.2810912
2.2843575
1.2721329
2.5215573
2.62783
4.2581596
1.9354172
2.38966
2.4513154
2.8772988
2.9246984
2.502658
2.276577
3.3510723
1.9038038
2.2130847
2.5640864
2.3269992
2.05265
2.7578807
3.7880776
3.1820548
2.9599423
3.3680718
3.4060318
3.0569766
2.7090182
3.026062
3.0250263
2.9659033
3.7425337
2.9071789
1.7700286
3.1509018
2.785736
2.4740057
2.914001
3.2708616
2.6217833
3.2164829
3.0884957
1.6947746
2.9864368
2.7761211
3.1281714
2.8606753
2.6128583
4.2763314
2.784
3.8832788
2.9956665
3.3095598
2.0568733
3.7637763
4.365306
3.5804996
2.67209
3.5884
2.8751698
3.1955037
2.2027812
2.4968758
3.3880122
2.9382172
2.4577985
2.512137
3.5206032
3.1492646
1.1652584
3.142934
2.6393318
3.4225013
3.5702126
2.149026
3.279809
1.9817514
3.5513287
1.8947301
3.7624614
1.7241769
2.4791603
2.1088176
2.8882403
2.6053095
2.982504
1.6969624
3.5297108
3.0294359
2.9275775
3.2318602
2.7098327
2.8271914
4.0653305
2.4095082
1.9300194
2.675385
3.1756277
3.2251577
1.9861712
2.7648883
2.7706623
2.6245337
2.3537107
3.0901616
2.593512
2.9263172
2.9844093
1.5621114
3.367406
2.8105073
3.3528397
2.4526277
3.2047386
3.1484694
3.0499604
2.5308409
3.7689402
3.618875
2.6343818
2.9275284
3.282513
3.0216932
3.5587807
4.585701
2.953217
2.9633074
2.321876
3.0006728
2.6237202
2.4227467
2.3462958
2.8746772
2.1584406
2.2487497
3.2012885
2.43434
3.2123876
2.6536303
3.0111737
2.0385237
3.951971
2.5183887
4.272437
2.7949133
3.1111145
2.3640676
3.0252085
3.508538
2.4463038
1.7035975
2.6096792
2.6989155
3.697357
2.275021
3.268817
3.4512866
3.449295
2.091416
3.7290633
3.0043247
2.7918162
3.079022
3.6072247
3.871067
2.8789277
3.0243518
2.5397334
2.6183443
2.605167
1.6212788
3.299177
2.63168
2.9176812
3.0856948
2.2804804
2.727538
3.42953
2.3396368
3.4694762
2.3926868
4.0200505
3.6729698
2.5613232
2.992673
2.5597415
4.0601244
2.531701
2.3997092
2.1381936
2.794579
1.8010201
2.4590726
2.3880348
3.5210629
3.146931
3.092644
2.737939
3.7225976
2.835658
2.9277196
2.3951316
2.5031729
3.222176
2.7944574
3.5305672
3.4750054
2.6206632
4.3851137
2.1502132
2.5751686
2.3465714
2.4944425
2.766008
3.0910687
2.635161
2.4753904
3.1162813
2.8092818
2.4104671
3.0179033
2.9521236
2.9651484
3.9283376
3.047814
2.2818809
2.7320309
3.2275174
3.1986628
2.9665198
3.7745693
2.255404
3.2072716
2.688602
2.4303617
3.5529978
4.1594534
2.1069827
2.1257915
2.5979557
2.5712066
2.6496496
4.095876
2.6805167
2.5599804
2.842599
3.2244616
2.9455
2.5175214
2.8586102
2.6122127
3.5535228
2.9315896
3.366277
4.695656
2.630571
2.5488172
2.2184849
2.6627011
2.6677985
4.311181
2.53308
4.617732
3.285128
4.366519
2.8604236
2.7682767
2.7875252
2.892436
3.149313
2.5357695
1.9205012
3.343433
2.2219882
2.9737048
2.9219007
3.5377955
3.7850664
2.9828181
2.868885
3.132827
1.9799943
4.01886
3.1444864
2.6347065
2.7136793
2.982091
3.0781727
2.2544847
3.486615
3.3843145
3.710307
2.920936
3.5424953
3.1014826
2.0228558
2.4206138
3.3469985
2.9300008
3.4401064
3.2464168
2.7453947
2.8245215
2.4361696
2.546082
2.3643599
3.761029
3.041516
2.545476
2.3933601
3.2887583
3.4303613
3.024747
3.5116196
2.979825
2.1894407
2.864366
3.9392283
3.0143716
4.347887
3.413376
2.7704768
3.0143874
3.281089
1.8549881
2.9149504
3.389827
2.8275242
2.8829832
3.1064591
2.8013062
3.7423472
2.9442449
3.0315273
1.8276553
2.4564743
2.4218016
3.4142437
2.7496805
1.8369594
3.1024961
2.4890003
3.0003839
2.9683046
2.8953166
3.4478698
3.129652
4.0665054
2.894652
1.6658854
3.5525603
3.0925975
2.8322763
2.5582652
3.1010716
2.742516
3.1920738
3.8023322
3.2614796
2.974709
3.5324667
2.3899217
1.3966222
2.9907422
1.513411
3.1159308
2.3463378
2.586595
2.5701041
3.194941
3.245588
3.6576314
2.4082866
2.7553153
2.4484572
2.8943691
4.533699
3.239831
2.5753908
2.128282
2.9746656
3.3761086
2.6303096
3.884803
2.52491
2.1830978
2.2119775
2.38135
3.270084
2.4493728
3.364803
3.3820374
2.5881805
3.1334138
3.1351764
2.464167
2.8585467
2.4897895
3.3814764
3.3659956
3.6414864
2.77317
4.4107237
3.3279586
4.0388756
2.1497593
3.1574194
2.7626796
2.6775517
2.6970534
2.5307493
2.9616542
2.6476455
4.5538516
2.70963
2.955079
2.5958843
2.9183645
2.9134464
1.7825942
3.0008602
3.220393
3.257829
2.933999
3.383271
2.867714
1.7789154
2.448214
2.9203396
3.2158616
2.5744529
3.014999
1.6450233
3.1449323
3.2354655
3.1070337
2.9902344
2.3846583
2.175712
2.551278
3.4742506
2.5146775
4.0982738
2.1591306
4.092121
3.0304039
2.9391184
3.2982075
4.0601263
2.864286
1.907001
2.7420344
2.3635654
2.7667246
3.8794973
2.6820064
3.000069
3.3207095
3.2053645
2.1482062
2.5994802
3.0248103
3.855501
3.294565
4.240994
3.4287996
2.445846
1.7439399
3.207709
3.461995
3.3094952
3.0923896
3.4354784
2.3611922
3.2500424
1.7317705
3.7233646
2.2248235
3.543041
4.2476215
2.9222107
2.1811318
2.8563657
2.861545
3.6929636
3.325434
2.7904387
3.3623545
3.6281192
3.9493139
3.4220407
2.8073015
3.7750843
1.8519201
4.2703342
2.8409266
3.1226282
2.5680313
3.076451
3.392323
3.1093073
3.0902586
2.685697
2.400733
2.2946677
2.5984282
2.9213371
3.8059382
2.6850934
3.7032456
3.1138818
2.7093067
3.112774
3.7505553
3.8065224
3.2381444
2.3527155
2.7681503
2.60918
3.5705168
2.5191164
1.791667
2.0060234
2.8536963
3.0031662
3.0340528
3.1824028
2.252483
3.0588336
1.6216745
3.0457122
2.37994
3.1321602
3.5312703
2.3297997
2.86614
2.6608105
2.7220721
3.0425203
2.8889012
2.6734843
2.9130602
1.8563352
3.3090866
2.704082
3.1699665
3.6427832
2.8903494
2.7234993
2.7697506
4.134005
2.4480567
2.5363178
2.5662532
3.7025988
2.6780734
3.3511522
3.0741155
2.1156082
3.1030483
3.3171282
2.0295143
2.3551908
1.9402966
2.6941137
2.8033614
3.0991116
3.2978692
3.5026922
2.6868906
1.4394798
2.9999785
2.767232
2.8717375
3.0479693
2.6413121
3.0217097
2.227026
2.3681293
3.035749
2.7648501
3.3145583
1.8963852
2.6726365
2.3200493
2.5060043
3.2032347
2.793364
2.51575
2.916556
2.507937
2.8509264
2.881576
3.868026
2.785563
3.5272377
3.4603443
2.7101789
2.1318526
2.8845177
4.88157
2.6707597
2.9258127
3.4696984
3.050049
3.2616084
3.523683
4.0315866
3.257468
3.0496116
3.4832551
2.5435352
3.694768
2.8823576
2.200903
3.3007708
2.7087088
2.9028697
2.7261944
2.2670212
3.4219756
2.1514711
2.6278834
2.491942
2.6722183
2.9038858
2.2415595
3.04525
2.69838
4.192189
3.404775
3.249196
3.836539
2.4822044
2.524384
3.0682778
3.288329
3.1161702
3.9420536
4.165303
2.45183
3.8452058
2.803544
3.468252
1.5645757
3.7292042
3.1342432
2.7909179
4.044441
3.0329463
3.3572261
2.5127683
2.1361752
3.0882478
3.9049964
2.8520803
3.6546547
2.6944852
2.2219758
3.2291338
2.7463107
4.0338745
3.28828
2.5319247
3.2264647
2.5063767
2.726015
2.8699841
2.5630817
2.8229651
3.216703
2.4947524
3.2805362
3.7889307
2.2020836
3.120046
2.7725177
2.8526115
3.5870168
3.4685757
2.4813762
2.1942763
2.6080647
3.1781414
3.1651092
2.6315622
3.7692306
2.8198647
3.8847864
2.4517188
3.695845
3.263741
2.721376
1.8842978
2.7608953
2.7829194
3.1764784
2.2407422
3.7153957
3.0090659
2.654654
4.179434
3.3593605
2.8616881
3.088529
3.6392822
2.8322363
3.187131
2.8383474
2.4350042
1.8228083
3.3267071
2.3088102
3.1790278
2.1555996
2.7014356
2.6280394
4.048379
2.311246
2.8339725
2.971542
2.724362
1.7391214
2.739316
2.2692213
2.5159059
3.1383457
3.9584284
2.7744856
3.8310835
2.4091887
3.710675
2.6955996
2.2085705
2.671205
3.8865948
2.6156154
2.9182782
3.0780423
2.614553
3.1179237
2.6330519
3.019293
3.4879794
2.245327
2.4704666
2.9975758
3.450901
3.0308633
5.0170183
3.1825924
2.7318258
2.0119934
3.9896438
3.0657308
2.3544645
2.7446356
3.132371
2.2022977
3.1248255
3.0545673
2.4133863
2.841292
3.1615868
3.9614944
3.1897976
2.99149
3.139836
2.3809843
2.3907056
2.150569
3.2547135
2.5621548
2.9900122
3.888852
3.50009
2.2670164
3.6136918
2.867299
2.032611
2.8588734
3.5447946
2.2289233
2.835134
3.1977863
3.0456965
2.96695
3.058759
2.376576
2.915587
3.1635506
3.050305
2.569313
2.7735443
3.1665459
2.031598
3.4839768
2.648478
3.0343652
2.8750434
3.5731497
3.0533614
3.3073514
3.8003554
2.278767
3.2198696
2.7135625
2.345224
2.2790108
3.0223577
3.2519884
2.9879184
2.2837844
2.6568975
4.071102
3.5838935
2.5398502
2.5886126
3.1405897
2.116838
2.930429
2.5325146
3.0107958
3.6780782
2.8859043
3.6151717
2.5526834
3.7882588
1.9749613
2.42871
2.4904232
3.5954514
2.8551412
2.4396477
2.4922476
3.5885103
2.5544653
4.379499
2.8345065
2.701939
3.0012689
1.8143148
3.1141243
3.5930061
2.7447042
2.577629
2.5110636
3.3946016
2.9743333
2.9697552
2.488132
2.9268517
3.0802457
2.7268152
2.636747
2.8092608
2.518827
2.54956
2.2454672
2.5679622
3.2897334
2.9948797
1.9573193
2.8356304
3.2634854
4.2164497
2.886994
3.0656157
3.394985
4.0546308
2.925767
3.093014
3.4788344
3.7756844
3.997746
1.3710055
1.927083
2.94453
3.263327
2.7223544
3.3091457
3.878687
2.7379727
2.5404902
3.5263152
2.6286192
3.4607708
2.9909844
3.5406165
2.5794005
2.7652302
2.8373933
2.5270538
2.251729
3.6150155
1.5863538
2.0849304
2.7773404
3.120647
2.1463366
3.5879261
3.1796453
2.9423337
3.4639144
2.6484828
3.2812705
3.455664
3.1110637
3.1870456
3.2868927
2.9479475
3.2841468
3.7502737
2.8511786
1.7781725
2.6391659
2.3184314
3.5223029
2.947775
2.8897133
2.1686168
2.2142568
2.6666784
2.8243542
2.9242673
2.3574305
3.4380896
2.488583
3.4999769
2.7682
2.7881246
3.2006304
2.9982615
2.1891913
3.7030046
3.1023476
2.6181736
1.5615859
2.6733108
3.1954293
1.5741043
3.9174674
3.1549723
2.4717464
2.683836
2.4906645
2.1947613
3.5615027
2.7922373
3.3239033
1.9635005
2.7649179
2.8508644
1.9999361
2.6766005
3.8687966
3.0599205
3.0009718
2.5859332
3.2254276
3.043608
2.9255714
3.1685293
2.3583937
3.4107716
2.8786244
2.751254
3.1056652
3.1702354
3.2884414
2.6140943
1.9375582
3.236521
2.6179056
2.7485795
2.7578611
2.675681
3.969884
2.7957287
2.4145384
2.8651085
3.3627026
2.4377627
2.723074
4.762074
2.8226385
2.8862867
2.3972673
2.406448
1.7293868
2.4994292
2.9006028
3.5314698
2.4906158
2.7367501
2.729155
4.261888
3.0126102
2.7701411
2.898467
3.00034
1.7185564
3.0688596
2.726584
4.9542894
2.4768696
2.9206185
3.6515398
3.505396
3.9780524
2.7180777
2.5179896
2.6020465
2.4385366
4.036285
2.967246
2.46245
3.019981
3.6264908
3.1827364
4.7437525
2.8466706
2.9808068
2.7414927
3.2469263
3.193695
3.089279
3.2835712
2.139223
2.8346834
2.701745
1.7918658
2.7703047
2.5485377
2.7212644
2.2397313
3.8318334
3.055526
2.53721
1.9992208
2.7369251
2.1630378
3.2641373
3.178926
2.6919813
2.2293696
2.0045576
2.2270837
1.9396658
3.2080708
3.7677
3.9829338
2.8960228
3.6383543
3.4701235
4.754896
3.032918
2.8070235
2.7013793
2.9804292
2.724896
2.0238132
2.8181286
2.7407918
3.4772773
1.6138077
1.8137112
2.727229
3.2557328
3.0854762
4.287997
2.6513443
3.5412693
2.6835246
2.9945216
2.7119145
2.400447
3.1624942
1.9687066
2.9230738
2.6398768
3.5776298
3.1836424
2.908751
3.3570116
2.6455956
3.6516395
2.9986577
3.0334067
3.274643
3.3105545
3.2279084
3.2680762
3.1355712
2.776021
3.275677
3.183076
3.2135274
3.5691226
2.5402026
2.220337
2.2655358
1.1173749
3.5213187
3.5673413
2.7396092
4.3177996
3.217868
3.428915
2.0525765
2.7710567
2.6920304
3.3194118
2.558001
1.6664248
2.942789
3.199114
3.0132034
2.1246338
2.98589
2.5871744
4.289285
1.1748748
3.163228
4.004449
2.5719028
2.5773444
4.4519
3.7156289
1.7050657
2.9309812
2.847959
3.8088722
2.6022015
3.09557
3.572141
3.5294263
2.6759086
3.9349086
3.097905
2.6759682
2.4426103
2.7266717
2.5785809
2.920033
2.5122676
2.8318934
2.6160192
3.5848782
3.1294446
2.2413325
3.474982
3.0187502
2.2398562
3.625806
3.7620697
3.061424
3.109945
3.3356662
2.3501353
2.7713761
2.7667012
1.9854145
4.340352
3.3797095
3.017554
3.6452043
4.6298957
3.0370927
3.6400008
2.8442469
4.1126966
2.3976169
2.3119516
2.8348598
3.0448434
2.8478684
2.6850119
2.6158795
2.465334
2.4502254
2.8436117
3.9853315
2.3955655
3.0265665
2.778854
2.4651275
2.5904741
2.5934486
3.8480878
2.4205446
3.2086012
3.386459
2.7730923
2.9922915
2.9908948
2.9208827
3.4372866
2.9458666
2.7954378
1.6989598
2.953876
3.4914508
3.3925161
3.41693
2.470778
3.5069165
2.9314837
2.7348623
2.6803522
1.714828
2.468577
3.4583206
3.2977934
2.948678
2.9755855
2.4350128
3.6889715
2.4024954
3.1378717
2.781219
2.70512
3.7561617
3.5432606
2.9418921
3.0892704
2.5032496
3.1664658
3.1163545
2.7804403
2.7807932
2.786725
2.507359
2.7559958
2.8695478
2.4368458
5.0979776
2.5397825
2.510035
3.4452865
2.2323942
4.2123346
2.2568202
2.2777143
2.8867936
2.3196769
2.5141964
1.9974804
4.056731
2.773117
2.3505955
3.0220156
2.7095428
2.9566493
2.7363958
3.0543716
3.1479344
2.0959826
2.049096
3.4561884
3.3631558
3.0380251
3.170359
3.8610811
2.99471
3.0989866
3.8356793
2.8473682
2.15198
2.747045
2.9541965
3.5342627
3.078587
2.8028684
2.109158
3.1103215
2.8827004
2.419829
2.800541
2.5560098
2.984777
1.3365226
2.9532866
1.9994206
3.5034955
3.1177495
3.8157017
3.2793748
2.9050975
3.489683
3.0612206
2.9585538
3.1744242
2.7202559
3.3249867
3.0520165
3.5555515
2.3191414
2.360649
3.1638892
2.867784
3.8621328
2.860036
2.846684
2.974131
2.986774
2.9139318
2.7547493
3.803061
3.7756913
3.1988802
3.1323252
3.8320525
3.4919987
2.3296552
3.0369794
3.8780477
2.6258168
4.324257
3.1835265
3.00843
2.496942
2.7262797
1.8203187
2.5717392
2.926865
2.6772122
2.6982203
2.2945356
2.7912855
2.5752707
2.6070466
2.5633311
3.1478283
2.9140654
2.8959603
2.9776225
3.4292207
2.15867
1.5419331
2.509554
3.3355196
2.7184396
3.0939867
3.3421185
2.7255259
2.679099
2.6189642
3.101426
2.878922
3.0610216
2.837254
3.8524237
2.9959502
1.6136565
2.5858154
3.754708
3.871976
2.0863633
3.5428398
2.6981006
2.430233
2.8137708
3.0622306
3.3280394
2.8624954
2.9739676
3.0748696
3.4003077
2.7110176
3.0659945
2.7226367
2.377203
2.71131
2.280644
2.417562
3.4906642
3.5665057
3.554311
3.0770366
3.3485146
2.750452
1.9773517
2.695382
3.2673292
2.3465872
2.6303082
3.4393518
2.1629453
3.96361
3.185099
2.902985
2.9107113
2.9209294
3.0872066
2.9598489
2.5914435
3.5776534
2.7773824
2.5800633
2.4902177
3.1682754
2.8640213
2.2204356
1.9110804
2.7903142
2.8641677
3.1501217
3.2957978
3.0663953
2.451921
3.0866635
2.1607308
2.835432
3.0560904
2.6490855
2.1924987
2.7711482
2.7879157
2.5062518
3.970204
2.3960748
3.466266
4.2581224
2.4491458
2.4248066
2.4282298
2.2374043
2.9484344
2.389567
2.3555093
3.3739939
2.3099875
2.8423457
2.5234394
2.527761
2.89507
2.3991919
2.9962778
4.7125096
1.4147205
2.1089034
2.8606014
2.755156
3.2165647
3.7551904
3.304434
3.7212186
3.3712163
2.5196905
2.7373896
3.6316235
2.870368
3.8673143
3.4513037
2.958971
2.8371959
1.3513746
2.9523187
2.5846663
2.8253398
3.3297727
2.5424728
3.1645777
3.1050625
2.432191
3.261648
2.9583426
2.4097352
2.611549
3.7306902
3.9509637
3.1258838
3.4727356
3.0541334
2.5177054
3.465578
2.9338093
3.470355
2.1409316
3.0689967
3.4099689
3.1222305
3.2005072
3.3321683
3.1098728
3.5464184
2.885303
2.2484365
2.7624354
2.0165496
2.9442806
2.813157
2.553134
2.1458359
3.005707
3.1407423
2.5224705
3.4674513
3.1149256
3.407269
1.9576311
3.4481165
1.3887124
3.322985
3.089206
2.460423
3.5548632
4.0081506
2.5025578
2.1959696
3.368378
3.147592
4.0950575
3.819891
2.7362633
2.9970431
3.5110402
3.8821023
1.8627043
2.8670168
2.4340658
3.0350971
2.7371197
2.80516
2.7710142
1.1829605
2.9444013
2.217682
2.7714105
3.9067008
3.3396335
2.588489
2.5928564
3.0181057
2.7690525
3.1280146
2.8170915
3.1539164
2.3470411
3.1345868
3.2117245
2.1418285
3.6358752
2.4975667
2.2345996
2.5804372
2.9157248
2.7017164
3.1021137
3.8533015
3.0434601
3.258878
2.528747
2.4436288
4.0045576
4.2041078
3.1137178
2.470591
1.9366603
2.8031025
3.2548068
3.6916497
2.961753
2.9970808
2.6705465
2.8603354
2.368309
3.1931531
3.0297344
2.691173
2.2355046
1.9836025
3.540342
2.4834447
2.0157132
2.2681909
2.2918692
4.0503054
3.998039
2.6435795
2.8265867
2.7115955
2.4898024
1.7555928
3.0820022
3.1593726
2.7864704
2.769527
2.8482165
2.4378223
2.3468966
2.051805
2.3831458
3.2387285
3.0230188
3.1684296
2.3956013
3.233276
3.1361213
3.197294
2.9771733
3.0270667
2.6380339
2.9825068
3.248057
2.954011
3.617
2.9995513
3.3550425
2.943696
2.2326212
3.1961076
2.9570436
3.0574148
2.544722
2.4017577
2.6857538
3.120794
2.3100462
3.0805595
2.5752678
2.9186416
2.5642924
3.5735965
2.2456608
2.8554454
3.5281897
3.0328412
2.6231503
2.98628
3.9038875
2.2508664
3.0061297
1.8441601
3.8659468
1.9979281
2.5453372
2.8921866
3.2738266
2.992968
4.797219
2.337432
1.9008164
2.2169275
2.9435906
2.8134475
2.5446906
2.8477397
2.375547
3.120934
3.2164824
3.106222
2.6328516
2.8418326
3.6505642
2.5011106
3.3744874
2.9484158
2.01608
2.7058425
3.748946
2.8341384
2.0564637
2.5432425
3.049329
2.6044154
3.9971712
1.9365087
2.8559566
3.1764903
2.4604015
3.0338964
2.24301
3.0366414
2.8069043
2.6250558
2.0859637
3.7228734
3.5645936
2.9078698
4.0964336
3.0510988
2.9030519
3.0034678
3.0105295
2.9098592
1.878943
2.6095543
2.3087015
3.2089329
2.2993388
3.3340542
2.8092113
3.7611058
2.0995321
4.307928
3.3873503
2.7873821
2.2755904
2.6134043
2.4365182
3.109256
3.273465
3.898326
3.2413037
4.123024
2.6590095
2.1077528
2.6590595
3.452308
3.1072304
3.1943314
2.9647012
2.8028545
3.941052
2.4794884
2.3928437
2.9284859
3.2716112
3.0555677
3.5531733
2.5679426
2.0391183
3.5859807
2.33354
3.415702
2.9668646
3.1121025
2.6713305
3.1815975
2.4577222
2.7847667
1.5426364
4.0049596
2.7282996
1.5122299
3.7420914
3.1713202
3.5205982
4.1330156
2.5074697
3.6372666
2.7300844
2.9415112
3.0500832
2.9937525
3.6492689
3.308887
2.6060085
2.401391
2.605753
2.4353428
3.7974663
3.6810946
3.4598167
2.5905166
2.7303967
2.6379285
2.8019586
2.004259
1.4494209
3.7664042
3.7836747
2.1269698
2.7858624
2.7158337
2.7893243
2.5279632
4.096181
2.8097968
3.6951873
2.6753368
2.7249203
3.9970026
3.0235224
2.8677578
3.1748328
3.405208
2.6302958
2.6429605
3.832134
3.3759465
3.07853
2.2736506
2.7559857
3.0811353
3.016176
2.862547
3.0422328
2.0508218
2.6419024
2.6558867
2.8213773
2.9123688
2.8455763
2.814993
2.702591
2.5017438
3.1204443
2.8571858
3.245224
2.1884365
2.7582092
3.1305494
2.4858055
1.2504964
3.2110612
3.203369
3.3828132
2.6835876
3.1528838
3.0641792
4.3175783
2.9845138
2.218585
3.2164114
2.8505301
2.2782645
3.0569215
2.682209
2.595004
2.3959723
2.9650478
2.9037704
2.7883816
2.6132212
2.6749372
2.6430106
2.6578197
3.7799263
2.8121648
2.386582
3.4833918
3.3258672
3.5753226
2.1712933
3.291982
2.6019154
2.0034585
2.95887
3.1618936
1.7774429
3.2965763
2.6522532
3.2502966
3.1400125
3.2288744
2.312573
2.523532
2.9879174
2.1926203
2.9258337
2.8606777
2.449687
3.4768178
2.5430427
3.3731315
2.0987797
3.1327584
3.886797
2.8015127
2.9342918
2.7851062
2.6350331
3.2159507
3.2277973
4.0456314
3.0981987
2.68428
2.34449
2.558638
2.9018965
4.2739077
2.7960987
2.2037473
2.3214173
3.4215086
3.1098378
2.964264
3.5669105
3.3846085
2.333178
3.9171515
2.4049778
4.2455
1.7420864
3.4926016
2.8558235
2.8652415
2.950337
3.6715345
3.5423086
2.2855158
3.8834026
3.169182
2.479465
2.804101
3.2053626
2.165732
2.825128
1.7840977
3.0493715
2.7462091
2.010209
3.2637405
3.2784393
2.8153925
1.8632407
3.1059005
3.6694074
1.8198857
2.6509433
2.7007766
2.5242305
2.2617674
3.36133
4.1645203
2.5515623
2.6657653
2.7582545
3.2392445
2.7295923
3.1609085
2.4982777
3.7146463
3.1211507
2.603187
2.9603
3.2235053
3.2137542
2.7972054
2.8684816
3.0701814
3.1915689
3.7644274
1.7382503
2.641501
2.2337842
3.3220417
3.468202
2.612029
3.1745033
3.3169372
3.553851
4.36188
3.1657226
2.6440725
1.8847547
2.6368442
4.097061
1.6759353
3.0790193
2.8955088
3.3687632
2.4676905
2.6789265
3.013238
3.1986616
2.8765278
3.1123927
2.9462376
3.4727862
2.3825169
3.2481558
3.3713467
3.1912675
2.8254657
1.5384116
3.7283356
2.9887304
2.9659295
2.7842774
3.1370733
2.4607792
2.6457276
3.158567
2.8511214
2.9011102
2.9908342
1.930068
2.5216203
3.1856742
2.5643377
2.7593803
1.9329662
2.851633
2.8438196
3.3969646
2.0097604
3.2035508
4.0285425
3.5397525
3.0992987
3.4503915
2.751059
2.1391163
3.7040083
3.5488544
2.8038826
1.7935109
2.7818356
2.6387653
3.4390235
3.8049726
2.9011369
2.4078174
2.337615
3.1601772
3.0798612
1.1905165
2.3081517
1.8313708
3.2683177
3.2318413
2.9310784
2.830823
2.9541378
2.1220198
2.729279
2.4206734
2.4793077
2.6722732
3.2089343
3.0772688
3.1374643
2.2522802
3.3983965
2.8444247
3.305371
2.4400501
3.2134008
2.4355597
2.9968967
4.0399537
2.9304867
3.4364843
3.3305366
4.1127477
2.7158413
3.1552746
3.023237
3.2007313
1.7342963
2.3313513
2.9063787
2.6477423
3.3266308
3.2351925
2.8618479
2.8231206
2.8780851
2.319706
3.5461137
3.2616665
2.6284628
3.3813808
4.0634937
4.3071933
2.4086127
2.9243364
2.677909
3.2178938
4.4301805
2.3869743
2.4093127
2.8918343
2.9479637
3.7625175
3.0312774
3.5020077
3.1201959
3.0670664
3.1431148
3.2884855
2.76967
2.7157183
2.2813134
3.452258
2.620348
2.5367918
2.9179535
2.5450683
2.7825718
2.7896094
2.627421
3.2375658
1.843905
3.4352605
3.4632292
2.6228523
2.8051229
2.904231
3.744385
2.8789396
2.803958
2.758288
3.0251975
4.2993445
2.2897592
3.1114545
1.9846206
2.449902
3.2131574
3.1104546
3.437429
2.221489
3.0475419
3.034975
3.8814912
1.9303107
4.4355125
3.8436947
1.943109
3.1294153
2.3405995
2.861074
2.3823457
3.0413392
2.5425873
3.665707
3.227314
2.269814
1.9623175
1.7601209
3.7216516
3.1885476
3.332364
3.6468716
2.456787
3.0017078
2.955011
2.7636948
2.579207
2.3592134
3.3215835
3.6020267
2.6459904
2.9532728
3.704219
2.5903072
3.0488765
2.9713426
2.2246704
2.5202432
2.51052
3.692899
3.1770215
3.0615444
3.255011
2.3140392
3.2283938
2.903337
2.7093701
2.9906306
1.8448086
2.7951336
3.3888335
2.718163
3.7035842
2.801238
2.6917953
2.9172468
1.7300048
4.1769714
3.1163583
3.6567976
3.6930618
2.8615775
3.1694298
2.8898983
2.6288376
3.5230892
2.3022547
2.7130513
2.9449773
3.037987
3.257205
2.6764421
3.7126856
3.2003644
1.8358212
1.5613832
2.8859386
3.7221596
2.3022184
1.73908
2.532042
2.879684
2.4319763
2.5135374
3.3013494
2.336491
3.5920858
3.4163978
2.3639698
3.0514781
3.1396778
2.1971169
4.001926
3.6484864
2.2469296
3.8863485
2.8260918
2.4754934
3.4614666
2.9590855
2.5610251
2.8157463
2.720213
2.6834078
3.3736815
4.4570274
2.6294522
3.3430855
2.6877651
2.9290304
2.9117293
3.3388505
2.6751566
3.157116
2.8713207
3.1703331
3.0772388
3.120933
2.4223094
2.2166123
4.9263573
2.3175445
3.437419
3.409861
2.593256
3.139616
2.2585225
2.7923827
3.0086656
2.6435447
1.9315758
3.208259
2.8943124
3.7203948
3.839342
2.8029618
2.6575446
2.9481206
3.07213
3.084171
2.0043077
2.8529196
3.0230737
3.2031624
2.92001
3.5938754
2.597979
4.132742
2.7835445
4.209559
3.89082
3.2479396
2.1003795
2.10609
3.0643628
2.008575
3.055735
2.515829
1.7422209
2.7676406
2.960082
3.0261927
2.520214
3.070629
3.252851
3.359027
2.8298726
3.4874353
2.2143621
2.3778687
2.8229475
3.160252
3.3090844
2.7941442
3.373925
2.2490282
2.2472067
3.5272837
3.6519043
2.1722422
2.0805054
2.6967769
2.2800293
3.3188348
2.7332845
3.4347212
3.1258078
2.742948
2.9914422
3.29656
3.5821614
3.3458805
3.1404111
3.5448747
2.9230256
2.736157
2.8077846
3.1464856
3.8925714
2.5425377
1.7620997
2.7636223
2.5717125
3.2722027
3.3528936
2.904818
2.6839666
2.8248224
4.2120914
2.9298
2.9786873
1.5085368
2.4626207
3.3648117
2.31041
3.2424626
1.8654366
4.587024
2.9674754
3.9020889
2.8870516
3.778385
2.677723
3.2884245
2.8434224
3.1169124
3.7685459
1.1517563
4.1618547
2.2604666
2.7306347
2.2543583
3.4002402
2.9648962
3.9006648
2.3998055
2.4860282
2.7694716
2.292688
3.112531
3.0310187
3.2251647
2.9573612
2.7821379
3.1352901
4.278837
2.41545
2.923335
2.7048736
2.5432906
2.533626
2.6423383
2.2119217
2.011406
3.1706429
2.4106336
2.156003
3.0571506
2.9086504
1.9269757
2.4891582
2.6197958
3.8248308
2.4152617
1.5529943
2.1608353
3.7921336
2.310505
2.2145748
1.8523493
3.03263
2.0866938
2.6469793
2.1255617
2.5274239
3.6508708
2.9110184
2.0122838
2.9365783
2.7714353
3.5117364
2.1502752
3.1748228
2.0864782
2.0818348
2.7698646
3.4705307
2.8704453
2.3878965
3.3147576
2.7193565
2.6666532
4.5738134
3.0470965
3.17823
3.574109
2.4826846
2.8590775
3.1670165
1.7098413
2.695363
2.105248
2.7107725
3.327475
3.3071418
3.0844367
1.9678693
3.365099
2.94736
3.6015925
3.0103087
2.57271
2.9865265
2.9655638
3.601336
2.7052264
3.3331814
1.387608
2.997375
3.7539988
3.1142502
1.9324279
2.595047
3.504274
2.5205793
2.2407584
2.9545255
3.3554215
3.9686162
2.6321073
3.4282978
2.6367412
3.8863132
3.9890757
4.3633165
2.8316498
3.4730506
3.1589484
2.6203275
2.219141
2.9949784
2.366459
2.443387
1.6738272
2.0942988
2.9584985
3.5877216
2.0141926
3.171961
2.5630794
2.9794035
3.2483044
2.949204
3.610819
1.7076082
3.302305
2.744698
2.3618717
3.1682115
2.9357262
3.4356527
2.8424816
2.9451976
2.9376311
3.6471698
2.8506203
2.6653447
2.500907
2.473681
3.6251845
1.7744479
3.2089627
2.9922438
2.8411999
2.6808505
3.031487
1.9074259
3.546798
2.8361692
2.8110247
3.276002
1.6827579
2.8207035
2.6825109
3.8873737
2.898078
2.9135904
3.0149267
3.4113598
2.6864796
1.852428
2.0783877
2.5013866
2.6238666
2.6119914
1.7406335
4.1799808
3.0856729
2.3273115
2.70255
3.3041775
3.4374793
2.7600446
2.6829567
2.6007533
2.863646
3.6501405
2.56292
2.6805363
2.4809012
3.0435798
2.668304
2.9578414
2.6906037
2.8323011
2.3764439
2.567996
2.77177
2.9303417
2.8273087
2.8616962
3.3736558
2.3255367
3.8906913
4.25338
2.7742872
2.895947
3.2936027
4.6575546
3.6950128
4.0341654
3.4845977
3.4096208
2.8514638
2.6433353
2.5717692
2.7386608
2.5143833
2.7274098
2.3798528
2.5930276
3.0930166
2.5516844
3.597633
2.9063354
2.3236904
2.0824108
3.332546
2.789556
2.7824178
3.5026042
3.0581686
2.4886947
3.1019762
3.479207
3.4375865
2.0466123
3.3347318
3.6543462
2.3537235
3.1759365
3.127671
3.4183624
2.7945895
3.4770272
2.3233562
2.5364537
2.451573
2.8359647
3.7746599
2.4791431
2.7934299
3.2344513
3.1836455
2.2239084
2.258327
3.1575484
3.1513827
2.3649292
3.0865045
2.9197268
1.6614761
2.492065
1.8250265
1.3466158
2.2855988
2.455505
2.1922665
3.2128732
4.512868
3.5695155
3.938057
4.030648
4.0198846
2.9546309
1.7950897
2.916161
2.5238132
3.1021843
2.6372185
2.3762126
4.0217648
2.9800987
2.6283045
3.0397384
3.0918524
1.7289057
2.6416106
2.383297
3.5274854
3.327512
2.784308
2.8812447
3.2019536
3.0764267
3.2847376
3.3268178
2.3021317
2.982552
2.696784
3.319421
2.3128948
3.170589
2.5069666
2.058632
3.0892494
3.7595255
3.3280365
1.8599691
1.6079164
3.6687455
3.3511205
3.2027216
3.0270498
2.8787389
2.2276788
2.8421326
2.686666
3.1209922
2.8879428
2.8387537
3.8401587
2.5477095
2.4438868
2.5618272
2.6710267
2.6920176
2.7968302
2.606873
2.9789963
2.9959579
2.8897233
4.3182974
3.2899566
2.5864782
3.255986
3.363361
2.6922379
3.4477654
3.34043
3.7587965
2.5039558
3.5145822
2.902977
1.3641119
2.3478289
2.6151605
2.5089984
3.436675
2.6152735
4.386352
1.839191
2.0646596
2.884644
3.464047
2.778205
2.7138667
2.8663578
3.538475
2.8671074
3.5495358
3.5183065
2.6648822
2.586577
2.7479935
2.750194
2.356439
3.2901406
3.0738268
2.8157067
2.3336163
3.7934089
4.264396
2.5999808
3.9666712
3.9075916
2.2184167
2.759098
3.4008524
3.3612118
3.4253454
2.837902
2.631258
2.1047602
2.6057324
3.5101738
2.3471584
3.0189378
2.7097416
3.5744238
3.2208426
2.4665446
2.6449623
3.0307946
3.9709473
4.9477844
2.8763046
2.7927995
2.7435455
2.8030696
3.3850148
2.8933449
2.6671805
3.71898
3.4932415
2.9168181
2.6734757
3.42799
2.9805603
3.1189547
2.8554897
3.1792214
3.2399755
2.362484
3.2046022
3.0380912
2.7324576
3.483618
3.468584
3.0868905
1.9789271
4.0669823
2.6024218
3.0041955
2.7108884
3.0397136
2.6165853
2.9433188
3.7372408
2.8580966
2.8120189
2.3242226
3.2050767
3.0367012
3.9273925
1.9517374
3.74427
2.4713907
2.3688989
2.6832876
3.0229418
3.385572
1.1184506
3.3622117
2.6669207
3.695932
2.9348574
3.4483953
2.158411
2.3629088
2.846994
3.0932436
3.0780158
3.3417313
2.390736
3.3073223
2.7037582
3.5146828
2.95958
2.685717
3.5508776
3.538557
3.0069516
3.1379495
2.644227
2.7617302
2.12431
3.263925
2.281629
2.6150875
3.0245154
3.7078283
2.8776999
2.5789523
2.6326222
2.9572663
3.1748383
3.8557448
3.935932
3.1134937
2.68148
3.4631367
3.1304224
3.317571
3.6160038
3.2772577
2.39716
3.1609566
2.956984
2.8799663
2.2016897
2.9725971
3.6064813
2.8634706
2.7839594
2.8278112
3.1206136
3.2274165
3.194451
3.2858667
2.0729394
3.1306016
2.5629358
3.030637
2.1102424
3.7394855
1.2208333
4.239511
3.8871148
2.6433802
2.746644
2.3969893
3.2565556
3.1423357
2.6367083
2.6716275
2.4968739
2.8691645
3.8574927
2.9800959
4.265133
3.0452676
2.63341
4.2875347
2.8089485
2.683545
3.3809981
2.0477433
2.727201
3.0288727
2.7206812
3.5985289
2.2290874
2.7675457
2.5015125
3.6570454
4.976618
2.8979664
2.797153
1.8676119
2.7378497
3.818997
2.9035668
3.2374535
3.270914
2.467915
2.8575258
2.2107477
3.087533
3.683235
2.5466309
3.1541848
2.7264118
2.5390954
4.112646
3.0038157
3.367806
3.422346
3.471202
2.632341
4.659334
3.2834773
4.3060102
3.1006877
2.3339043
2.9149513
3.530286
2.3955421
3.1898882
2.787387
2.999794
3.0584865
2.7153754
2.872733
3.2078109
3.5011399
2.5944276
3.451184
2.6003609
1.5291348
2.877983
2.6531267
3.5286214
2.727384
3.028882
2.641974
3.195026
2.7001233
2.6156168
2.7630053
2.583622
1.8406215
2.6597462
3.087731
2.6218548
3.9013395
4.061821
4.74053
3.4148018
2.7954044
2.940956
2.4701796
2.9510016
3.596945
2.4335117
3.261157
3.3480024
3.452764
2.4720187
2.4304018
2.077795
3.4701126
3.0267687
2.3481436
2.0344152
3.0921915
3.5404332
4.5111933
3.0566587
3.6569788
2.662694
2.868631
2.939897
4.0744696
3.192525
2.1355958
2.7004318
2.5039349
3.0605083
2.771182
2.6712065
3.0138035
2.3702826
3.27774
2.983284
2.9097352
2.635829
2.3357916
1.8676434
2.295364
2.823925
3.0162616
4.1834497
3.6993034
3.240995
3.3866944
3.2541828
2.8033252
3.190736
3.496867
4.609226
3.06344
3.0248103
3.5993836
2.4774184
2.7056289
2.0773206
3.3875437
2.8321676
3.5052912
3.1796207
3.335586
2.616941
2.5848436
2.232603
3.1633334
3.333379
3.4682846
2.186421
2.9390893
3.2665987
2.1074686
2.8334427
3.078634
3.580896
2.6825714
3.4933717
1.9746108
3.4622536
2.934763
2.7451277
3.2596521
2.8682709
2.4653158
2.746698
3.1941025
2.8244796
1.9960375
4.029545
3.4557424
2.6875882
2.5310712
2.8623157
2.1979322
2.9758005
3.1984587
2.8970795
2.253685
4.3168583
3.9833102
2.4169068
3.231585
3.194004
3.5095627
2.2383928
3.0699081
2.89252
3.353129
2.3993063
2.6182404
3.3409297
2.832429
3.1841125
3.2877421
2.8978949
3.010952
2.951848
3.3593283
2.5330038
3.1875699
2.8007054
2.7865286
2.9965138
3.007375
3.5013275
2.5732608
2.5144897
2.9357486
2.9730215
2.719964
3.6463091
2.6456923
3.904851
2.5904117
3.101985
1.9364667
2.5804086
3.1050394
4.1286006
2.615109
2.9662676
2.4926348
2.6983714
2.948544
3.0034032
3.225123
3.1637397
3.95352
2.531042
2.6698146
3.4387498
3.4467676
3.662274
2.3245635
2.6116028
2.3309903
2.6646519
4.3282747
2.7176185
1.5365272
2.8876858
3.0175605
3.1976607
2.8299866
3.1111975
2.7119145
2.9392242
3.3391767
2.5895686
3.2836938
2.5467873
2.9602413
3.071911
2.7602267
2.2337313
2.9697437
2.936913
3.7122564
2.5096416
2.6619759
2.0007205
3.1353338
2.887733
2.9057646
2.8501177
2.9232373
2.490911
2.6003466
3.1978908
3.885212
2.844902
2.5813408
3.0175202
3.085755
1.7999039
2.9759073
3.2679408
2.9727468
3.099371
3.4036949
2.769126
3.3666458
3.1020813
2.767682
3.0022182
2.5565886
3.568757
2.384142
3.6842117
2.7300024
3.220922
2.3129435
2.993351
3.5881948
3.2767634
3.1056972
2.549025
2.4514198
2.5928717
3.3613796
4.0678806
3.1404443
3.024547
2.0714197
4.305864
4.209418
1.7466512
3.4672456
3.0324254
1.4924035
4.8053885
3.1304803
2.6141634
2.660687
2.2818575
2.4115586
2.7907472
2.6575499
2.7335706
2.6592603
1.9958506
2.6011372
3.0547655
3.3538437
2.8509893
2.7644448
3.079066
3.6860182
2.24152
2.4421248
3.3771548
2.845704
3.1755028
2.4245143
2.6525378
2.9141092
2.73109
4.000803
3.2343829
3.1042879
2.7025366
4.7737684
2.513267
4.178026
3.0503418
3.2201743
2.9775462
3.5414166
2.8594732
2.6070108
3.8412566
2.996368
2.463295
2.7296243
1.7702956
4.0215497
2.3915758
3.7154474
2.9348783
2.936235
2.8648272
3.1709473
3.3757582
2.6203961
2.8663015
2.2134285
3.1248188
2.766626
2.7997928
3.5414076
2.8033738
2.905395
2.3353014
3.262257
3.7312105
2.348061
1.9327664
2.6465878
2.4655538
4.2293587
3.502334
2.6478572
2.70859
2.3658361
3.2198448
2.6606007
3.2877848
3.2745032
3.3544178
1.5486364
2.7202716
3.7959745
2.7727108
2.3208065
2.7962914
3.1351929
2.6895247
3.2022781
2.8690252
3.098522
2.3326144
2.2891045
3.7742364
2.9896474
3.3044333
2.9123769
4.9998584
2.8664756
2.850597
3.2638886
3.3542624
2.790697
3.6425748
4.0380845
3.771817
3.015047
2.8552947
3.2083652
2.7680283
3.3098598
2.2176914
2.1795526
2.8993578
2.171947
3.3254576
2.9724693
3.0747726
3.7505953
3.6207497
3.8127198
3.4655385
2.2976413
3.0593207
2.409492
3.189792
4.036327
2.7230053
3.540027
2.118361
3.7409391
2.5868077
2.6348796
2.664332
3.284321
2.984398
3.1041968
2.7495995
3.1042023
3.3124506
2.5638194
3.3985333
2.8074427
2.198184
1.4214334
2.78468
2.179874
2.3054838
2.7545428
3.794394
2.0783243
2.312769
3.252044
2.9828162
3.3741121
3.0788262
2.5649915
2.0649571
2.5613198
2.665429
2.011527
2.8957152
2.5933633
2.6821356
2.615728
3.8609762
3.5531561
2.3316717
2.8516665
3.1726117
2.43497
2.4811196
1.9028497
1.9982948
4.2442408
2.0853267
4.1667004
3.1576202
3.1219068
2.8411045
2.9789925
3.73641
2.8529763
2.733643
3.8931487
2.807135
2.6220155
4.2430677
2.6484056
3.5920978
3.441436
3.7660198
2.5852714
2.1375885
2.699873
1.7064734
3.376648
2.5718703
4.4533257
2.7428718
2.206305
3.3979912
3.1892567
3.4105659
3.2319937
3.317837
2.3176641
3.605229
2.839303
2.4015398
3.8347862
2.9843097
3.1006937
4.0030737
3.6218913
2.6416335
3.36671
3.0485933
3.08723
2.9464679
4.057647
3.2610357
2.978413
3.0003955
2.8038406
3.417188
3.6497955
1.6235971
1.5759306
3.0169845
2.115635
2.5476027
3.5359316
3.0441601
2.402216
2.8251224
2.0623178
2.4961357
2.4847007
4.3490033
2.586576
2.834703
4.286502
4.3755627
2.4925609
2.6190915
2.4532728
2.8204122
2.988052
2.9506965
3.4821494
2.5970159
2.2038488
2.982481
2.263269
1.2829189
2.7718391
2.8998203
3.6022038
3.212477
2.9954658
3.512071
2.9928813
3.4369216
3.4759977
2.167417
2.451995
3.4478025
2.64226
1.5819263
2.587267
4.3183365
2.9358416
2.4011097
2.0742354
3.2774043
2.1238704
2.5099974
3.6136954
2.968472
1.7763314
3.2461238
2.8052497
2.7556877
2.713377
3.0663853
3.9346123
1.8945236
3.1480641
3.8469455
2.3267312
2.8004103
2.57651
3.1234124
3.300074
2.6460524
2.84589
2.7969537
2.5014005
2.465096
3.6979995
3.5030768
2.5441184
3.148859
3.329622
2.8872418
2.9604225
2.8589234
3.2170181
2.6578765
2.7396016
3.3442626
4.0731564
3.3932087
3.6305954
2.9202952
1.8856716
2.2747054
3.886897
1.7541871
3.2654543
2.6092424
2.9713917
2.8858366
2.9905882
2.855373
3.4245515
2.2099023
4.127084
3.1610656
1.8697672
2.9439158
3.6779392
2.9567394
2.8868556
2.9472704
3.069689
3.214754
1.7162495
2.9426398
2.60214
2.3989072
4.5752025
3.545723
2.5932107
3.97307
2.5988517
2.9699497
3.1762826
2.9944363
2.6863365
2.763867
3.3007393
3.223667
2.2701035
2.8605103
2.8243103
2.472271
2.4596019
3.364593
2.9359398
2.8823133
4.9830513
2.7492137
2.0268373
2.865037
2.9355412
3.7185297
4.141526
3.258838
2.4790626
2.6024852
3.1192074
3.4442592
3.0706396
2.625373
3.5306208
2.7224202
3.3568077
1.8856325
3.5105705
3.1486237
2.0767508
3.2209916
2.435884
2.6376095
2.7451262
3.0116866
2.5621853
2.0668097
3.2205114
2.8672633
3.322303
3.008291
3.4344096
2.8104382
3.2661996
2.5797405
2.8947768
2.4153676
4.200821
2.8869524
2.105012
3.5095794
2.2744522
2.5276728
4.183505
3.2364962
2.8721695
2.3008618
3.3076863
2.433466
2.8095908
3.0697625
3.1223044
3.16698
2.7633028
3.2482162
3.0206153
3.0842814
3.378142
1.985095
3.6592126
2.6386447
4.313875
2.945366
2.8882837
2.2962093
2.1210408
2.542778
4.0901384
3.3963888
2.7376919
2.6107235
4.1875887
3.0804307
3.0491447
2.5424204
2.8397222
3.0088696
2.5372624
3.1928706
3.2068098
3.0868587
4.6026783
2.762063
2.9027348
2.8134708
3.0594363
1.8907042
2.7010875
3.656506
2.9054494
2.7616596
4.38811
3.4391952
4.017887
2.7424107
1.7795959
2.4910665
2.3299599
2.8297458
3.5670364
2.9375267
2.08322
2.3153915
2.9982085
4.7796288
3.1839283
1.6980796
3.2014081
2.6852417
3.5627592
4.501383
1.5519977
3.5396767
3.035304
3.5950415
2.4480762
3.2088559
3.5712771
2.0193348
2.7614622
2.3320637
3.1154115
2.8969488
2.6713386
2.1493893
2.7564163
3.306273
2.7923512
2.6915026
4.8300114
3.46604
2.8571782
3.3227096
2.671917
3.1546757
2.6611
2.5523858
2.7700057
3.2518628
2.4169092
2.9860625
3.4009287
3.0668476
2.7849913
2.937408
2.4980803
2.7167077
2.6354642
2.772469
2.7518172
3.0419507
2.587307
3.0821066
3.608829
1.9028654
3.4525242
3.7764719
3.019115
2.736123
3.1857953
3.2259564
2.216302
3.286554
2.7086353
2.5180302
3.5172577
2.1860452
2.062677
3.3810194
2.913889
3.393582
2.6681685
2.8728466
2.8934832
3.1776166
2.359581
2.8045578
4.6592226
2.5327096
2.9052892
2.3793893
2.1969085
2.5712671
2.9458685
1.949296
3.7906778
3.7412694
2.7609048
2.6627865
2.898396
3.2810764
3.7585516
3.4510581
3.5656111
2.4891324
2.530559
2.6311336
2.9415402
4.0096283
2.7942839
3.3924727
2.604113
2.8137708
4.3776627
2.9385943
3.4415417
2.7239323
3.5120006
2.832037
3.360859
2.6154332
2.7829928
2.7868743
3.330981
2.0951738
2.6080308
4.1318536
2.7279139
2.4251513
2.7642179
3.0813994
2.0698166
3.3468795
2.6604695
3.1685097
2.9895825
2.9075394
4.268943
2.806992
2.1456437
2.7572904
3.3446498
2.5531445
3.359585
2.9070625
3.221165
2.9413228
3.6105309
3.5704045
3.1005735
2.2632995
2.785798
3.524395
3.7662547
2.4191499
2.8384318
2.7541852
2.8922362
2.947032
2.7462487
4.0519447
3.1149566
3.1842778
2.9771438
2.8730955
2.7135062
2.7488546
4.3847413
2.6624794
3.1040406
2.9301906
2.148253
3.2399611
3.6766877
3.000885
2.5937114
1.6704655
4.5573893
2.0755172
2.69171
2.566966
3.2085063
1.903172
2.6916428
3.7105975
2.7216983
2.8275027
2.6992989
3.1223905
3.04689
2.692995
2.4780092
2.7851815
3.2474587
2.8861012
2.6119332
2.610333
3.9604447
3.7118561
2.9663095
3.0542393
4.205509
2.7462764
2.9009056
2.6254911
2.8263655
2.9528508
2.4005957
2.8627071
2.9062476
2.5350127
3.696959
2.4828525
2.0937486
3.2037652
3.8915777
3.0158122
2.6602273
3.0550458
2.1764789
2.5687404
3.0175705
2.9215727
2.0946736
2.5348659
2.3979554
2.516055
4.442074
2.9689984
2.09477
3.5238907
3.4069283
3.0647497
2.7501988
3.268525
2.5259771
2.703197
2.0952005
2.338883
2.6713824
2.4152288
2.5692234
3.1147788
1.2993302
3.0052607
3.8150008
2.7486448
2.585579
3.0042899
2.7922325
3.9976246
3.0625033
2.4147873
2.7066631
3.3203254
3.3193836
3.1433666
3.2724361
2.9546423
2.9619637
2.6302614
3.3449697
3.0394323
3.4038725
2.6842198
2.5881681
1.863689
2.8321643
2.836032
3.244661
2.68934
1.4839978
2.4778023
2.7334151
2.696937
2.9155788
2.975535
1.9365234
3.0461547
3.7516348
2.4577885
1.931117
4.6468763
2.3716884
3.0768642
3.828215
3.1400547
3.2168915
2.9648676
2.123342
3.4915175
2.2378216
1.7516732
3.5286734
1.6527734
3.1828449
3.9492257
3.4017353
2.458199
1.9603143
3.5083911
2.6047182
3.4280703
1.8390331
3.4814005
2.685018
4.321064
2.6964245
1.6447215
3.6722558
2.5515604
2.308951
2.5833368
2.4430118
1.7655177
2.1976728
3.0640535
1.9976878
1.7267494
2.7956285
2.5363646
3.185399
2.448956
2.8836412
2.7203279
3.018705
2.6340628
3.1041603
3.8071425
3.561648
2.6908293
2.6285648
3.0196078
2.6950068
3.2666478
2.4937577
3.1495855
2.2790294
4.1028137
3.1685975
3.210026
2.901534
2.7355528
2.3995142
4.006378
3.4078553
2.2651968
3.5975716
2.2015252
2.6098652
2.2703538
2.6901703
2.7719378
2.7643342
3.235849
3.730572
2.7900448
2.510799
3.108153
2.8832946
3.2531626
2.6983223
3.4039347
1.4295592
2.2850246
2.3567595
3.3732436
2.5934048
2.9891343
2.6146846
2.9287195
1.8666735
3.1079893
3.224619
2.8056006
2.7455292
2.4790611
3.5021613
3.854599
3.3731868
3.0694828
3.1407428
2.4855409
3.5839262
2.0117292
2.839271
2.696908
3.3071043
3.1038637
3.273999
4.043225
3.684727
3.0238967
3.0468912
4.1266937
2.5691085
2.1219163
4.1801796
3.4080317
2.9496288
3.0347247
2.9909062
3.0946014
2.7114625
3.7710085
3.3213623
3.4704523
3.1667695
5.544883
2.7346196
2.5529103
2.9835744
1.8614178
3.1175172
4.6783323
3.7393076
2.8604703
2.06431
3.703598
2.815473
4.251486
2.5560102
2.4549341
2.0501332
3.1101797
3.3037937
3.1064756
2.4101958
2.9898653
2.577464
2.7225633
3.4345245
3.5482273
2.2696881
4.660631
2.8758726
2.9935665
2.7868333
4.0996
3.3416255
2.734075
3.6257238
2.153018
2.879727
4.0125313
3.5891252
2.6685472
2.9115753
3.1225123
2.6941934
3.93143
2.6422486
2.1618986
1.7725201
4.0332346
3.8281655
4.699403
2.9530163
2.5979724
3.2862308
2.5434384
2.6337695
3.1063035
3.0641482
2.9326415
2.7190142
3.0957315
4.108635
3.2382047
3.8984313
3.014106
3.392904
4.2886047
4.243326
3.8971043
3.1706257
2.9555311
2.841917
2.2092395
3.9900584
3.0087457
3.0637646
2.8042192
3.7181776
2.5537276
2.2700787
2.1306567
2.9680352
3.3106282
4.1437683
3.408792
3.5618103
3.0781903
3.1043763
2.055551
1.811935
2.6554103
3.5513449
1.8202457
2.7123241
3.4811475
2.6798978
3.6170413
3.162395
2.3085642
3.2772412
2.904755
2.5467544
2.6486812
3.1304417
3.1162539
3.2363977
3.1024947
2.8792663
2.519493
3.4245317
1.8838458
3.1402278
2.993794
3.7061694
2.3065763
3.538679
2.9239936
4.3968716
3.0908113
2.4548864
4.304094
3.302325
3.0890567
2.8589044
3.4008806
2.8400636
4.0334663
2.6979232
2.6801138
3.4051106
2.804443
4.005826
2.6574602
3.2746727
3.925344
2.2052093
2.861813
2.9383383
2.7143002
4.2488294
2.9804935
2.0239687
4.2239857
2.718769
4.2467036
3.4345136
1.7364798
2.748036
2.9135637
3.7599597
3.2088726
3.8447368
3.4612079
3.2508774
2.2317796
2.2809062
3.0751083
2.0369058
2.778006
2.7023406
2.3873692
2.68577
2.3505511
2.9229136
2.409616
2.9480796
3.0049856
3.2314556
3.141505
2.8515177
2.7642574
1.4397378
3.3039446
2.8725238
3.0359933
2.216868
4.9023128
2.7858257
2.8181372
2.2847505
2.6775417
2.48378
2.8324327
2.8743277
2.8721476
3.0658724
2.449839
2.9770112
3.230551
3.0052385
4.0473022
2.390108
4.8183823
3.133397
3.3449798
2.547295
2.9875693
2.440539
2.249526
1.9941759
3.3236756
2.9851236
2.4980822
2.6529102
2.6186848
2.6248474
2.6495728
2.5264497
2.0071015
2.5180907
2.932253
2.709095
2.9911366
2.5329218
3.3877225
2.8933716
4.071121
3.5397267
2.0262837
2.8553576
2.264615
2.0271301
3.2203732
3.3937333
3.992994
2.0795016
3.1443987
4.1110783
2.679678
3.1944423
2.1508832
2.727759
2.0532756
3.686204
3.497304
2.8171177
1.2483892
1.8361335
3.3297734
2.829392
2.7374926
3.1217241
3.271735
3.1360795
2.9304667
3.1214123
2.4840264
2.4295626
3.501184
2.4344735
2.853405
3.030532
2.396442
2.7249966
2.985115
2.2378726
2.846222
3.5737548
2.4532108
3.1278934
3.3642724
2.7146058
3.815662
0.91856146
3.493557
3.382464
2.7599497
2.6067457
3.0909073
3.5443804
2.6175904
2.3914843
3.835834
1.9500079
2.5590253
3.1372273
2.978815
3.2635305
3.4164798
3.4730365
2.7568212
3.421212
3.3478775
3.234861
2.5903234
2.5754714
1.6076803
2.8032975
2.8154373
3.039402
3.2289426
3.7179823
3.2296138
2.93788
2.7768726
2.631256
2.8738427
3.2692554
3.7499895
3.455807
2.1309147
2.046218
3.1701927
2.6956668
3.0902517
3.350443
2.607108
2.6472254
2.8938456
2.803289
2.0509
3.0613751
3.8911934
3.3447287
2.7601285
3.4964943
2.7071495
2.1147976
2.9975495
2.3065777
3.3028045
2.038722
2.7325416
2.6545277
4.263736
2.834333
2.7468004
3.2509453
2.8272815
2.896747
2.485805
2.4284863
2.5245743
3.3812075
2.7792506
2.769106
3.1235428
3.9652197
2.7977843
3.4936278
2.9804153
2.6141138
2.4655385
1.5266004
1.5952182
1.8313203
2.497046
1.9586143
2.3961344
3.8265555
2.9917917
3.6821456
2.908874
2.8206472
2.7968006
3.1367896
2.540227
3.2135887
2.871107
3.318251
2.5053177
2.7866855
3.2699537
3.7413154
1.8241005
3.1002674
1.8250036
3.0944977
2.3002453
2.4710236
2.9089894
3.9040964
2.2089987
3.181824
3.184521
3.340684
2.900219
2.9620829
3.1515336
3.2312558
3.8298864
3.990534
3.1608233
2.5984154
2.1966052
2.7347808
3.0546672
2.5397558
4.00055
3.7124224
3.6375897
2.4452944
2.7384744
2.1755705
1.8628535
1.5743299
4.0655956
2.837101
3.2181442
2.4395256
2.1635232
3.78637
2.3337479
3.0528073
3.1468492
3.5038686
2.709301
2.11034
2.5502014
2.9300256
2.8079576
3.5409334
3.1450007
2.725442
3.96185
3.212825
1.6918125
2.6722536
2.9456763
3.2159832
3.3843138
2.3560476
3.7698896
2.7724786
3.1127994
2.7894678
3.5144253
2.6187863
2.2670174
2.5259752
4.44152
3.0782294
2.0104055
2.4034777
2.305591
2.4200878
2.2374983
2.1443014
3.4916177
2.870903
3.1140265
3.1789134
3.5311995
2.7623315
2.4193182
2.6680393
3.3155882
2.9481244
4.534465
2.8728585
2.3179297
3.7189803
3.4058735
2.4929957
3.0642269
2.8702345
3.0591197
2.8706746
2.8762593
3.279156
3.0067046
2.6337657
2.8174572
2.5977206
2.6101484
2.608523
3.4941506
3.024749
3.4055278
2.8621664
3.4036863
2.1324553
3.5926418
2.6108065
3.478775
2.631627
3.0435464
3.3371947
2.8691792
2.5656352
2.8175755
2.9127712
3.5396245
2.4787927
3.1842127
3.222067
3.1495152
3.025714
3.0732372
2.010817
1.9633398
3.8953273
2.6705475
2.9287968
2.576048
3.3012507
3.0163288
2.7271738
3.0319254
2.83531
2.4613976
2.8864703
2.7884698
1.8094225
2.6269922
4.0844183
1.9910517
3.7253149
3.4929028
2.9451666
2.7121286
2.4508476
3.0056982
3.1434147
2.3893847
2.9238744
3.1459353
1.974844
3.1806383
1.5179081
2.7657905
3.1226044
4.6084747
3.0737984
2.6750197
1.7552147
3.306193
2.5155501
3.1598222
2.8408217
2.274993
2.655972
3.0662577
3.6225903
2.2383733
3.6065667
2.6454105
2.6170025
2.3731165
2.5990205
3.7537208
2.9828105
2.8341079
2.692284
3.2584298
3.1373014
1.7367344
1.6436987
3.2096212
2.7646933
2.015191
2.7721372
3.2605524
3.0452332
2.9305768
2.1625566
2.7315178
3.0375733
3.3132699
3.4087508
1.9097943
2.7390833
2.3802023
3.2094102
3.1843352
3.7378652
3.5242772
3.3778048
3.8680658
2.072033
3.2913373
2.3928938
2.2298965
3.3161266
3.8399763
2.6124187
2.8935127
3.1088572
2.0276546
3.0280802
1.4214807
3.5105302
4.609809
4.714311
3.4193928
2.520371
1.9109855
2.760137
4.630638
2.0704508
2.7081017
2.4654875
2.8108468
2.4103708
3.121258
2.995563
3.0051627
2.4919171
2.9297156
3.931499
3.7058678
3.5305314
3.3480783
3.0853727
2.5114636
2.554553
1.8734579
3.670224
4.061674
2.754959
2.718244
4.8695107
3.1292787
3.0877333
2.8209429
3.3309476
2.4842606
2.1950326
3.0491462
2.6801867
2.9037962
3.876179
3.6635892
2.5686054
2.8265114
3.100142
2.1582046
3.416193
4.4167166
2.6332316
3.2210453
3.1536088
2.143495
3.60953
2.584175
3.6712477
2.9544144
3.1294246
3.3268523
2.6665077
2.3116984
2.7217832
2.7236643
2.862227
2.806634
1.7728219
2.7255487
2.7692242
2.591395
3.0079389
2.9661489
3.7932224
2.904045
2.8510594
3.33785
3.0157137
2.644381
2.3517003
2.1050096
2.4004335
2.5597053
3.2447596
2.251184
2.704112
3.0472076
2.3911777
3.2571018
2.866521
2.9162683
3.7249613
1.9797359
3.0984216
2.9597635
4.0644283
3.2131546
2.924797
2.4819856
2.6980677
2.4305573
2.8005185
2.3566585
2.2017646
3.026754
2.731656
3.2260768
3.207114
2.9032407
4.104927
2.374261
3.2398047
3.3385541
2.43932
3.228271
3.3119435
2.7082295
2.9137545
2.8500347
2.2333994
2.37538
3.828339
2.6731806
3.007901
1.9347119
2.9179564
2.6882052
2.5725102
2.3377776
3.0242913
4.824739
2.7509494
3.088413
3.1966767
2.7170205
2.074819
3.5468435
2.768457
2.563151
3.13681
2.7956877
4.320198
2.658132
3.0631404
2.7717943
3.6645272
2.7473912
3.0750206
3.2541409
2.6331239
2.6616445
2.8594022
3.1879528
2.3034363
2.8043504
1.1292019
3.832083
2.3015718
2.6887498
2.5851116
3.213751
3.0204332
3.0919642
2.6214023
1.774292
3.1564975
3.4690971
3.6026492
3.0580723
3.3000011
3.4474092
2.487937
4.072709
2.0162501
2.511561
3.0872588
2.650178
3.5605779
2.8275962
2.5992012
3.0734916
2.6333723
3.1651433
3.5937426
2.7067728
2.5601783
2.8854766
5.1398854
2.3951344
3.97304
3.2701957
3.8317192
3.1609194
2.471919
3.1319864
2.5113773
4.058321
3.413981
2.4888072
3.1755888
3.4499576
4.39012
3.027536
3.5770078
2.5890708
3.0844312
2.9182696
2.3719563
2.6293573
3.198272
3.7287717
3.7507317
3.3722768
2.0170546
2.937778
4.3833895
2.7745452
2.853796
2.343484
3.049851
3.1124809
2.990058
2.9634929
2.699625
3.247384
2.3522544
2.506566
2.2670822
1.9005427
2.0122337
2.4738092
2.4903803
3.8243139
2.642933
3.4329805
3.6762958
2.4247832
3.283719
2.99197
2.36236
1.9737291
2.4433575
4.0412507
3.3801482
3.4818544
3.124425
2.3017764
1.321166
3.8184385
2.445581
3.6420133
1.7704496
3.171839
2.7673469
3.0473576
1.4354868
1.7240238
2.463698
3.242724
3.473136
2.864541
4.2382545
2.533506
3.1214697
2.2201662
1.881391
2.23798
2.6382208
2.3915234
2.819425
2.1166759
2.99481
3.0424197
2.2860703
1.6345611
2.6847825
2.2798524
2.6994843
3.182918
3.1100826
2.0126343
3.8830087
2.502993
2.7506075
3.7137969
3.3132412
3.7238736
3.4421701
2.5867143
2.4406948
3.2023568
1.7750497
1.727521
4.0491724
2.8190088
2.3077993
3.1679971
2.3124976
3.3609133
3.5491679
2.8694563
2.3959727
3.0509856
2.9015026
3.228955
3.6766543
2.5669422
2.546647
2.9502416
2.7474365
2.7395296
3.3058045
2.8332071
3.9551332
3.2070565
3.0415902
3.8838515
3.5796728
3.9290063
3.575628
3.9059489
4.119137
2.208941
3.0450025
2.5352116
2.380702
3.4106781
3.103469
2.429675
2.9395714
3.615146
3.0093648
4.1553297
2.4323225
3.505737
2.9080696
2.609662
3.244574
3.1382246
2.6917048
3.8710818
2.6454673
2.9942007
3.388484
3.088368
2.4073648
3.3251054
3.2134125
3.3930237
3.072661
3.651578
1.9724679
2.0747542
2.849162
2.7881522
2.4894772
1.6856737
3.2346745
4.7013617
2.8057837
2.6069417
2.9856415
2.3095617
2.5574713
2.6399508
2.93331
2.896233
1.5516067
2.8688087
2.6049414
3.716801
2.3420882
3.980178
2.4736629
3.4823005
3.7918537
2.8778172
2.8849359
2.9241958
2.1432405
2.3107562
4.4006996
2.2775412
2.8864655
3.0062299
2.728602
3.5199592
3.1233945
2.084824
2.890727
2.4253001
3.2975252
3.2690952
2.5161085
2.3119035
3.71356
2.4875474
2.4576359
2.6436195
2.7189808
3.4437468
1.6547351
3.1877582
3.7053988
3.0247467
2.694817
3.172182
3.5031111
3.0610683
2.7650423
3.2888236
2.3343573
2.196835
3.3911397
2.1885161
2.820723
4.1108284
2.6608076
1.8396268
3.2420208
2.5789413
3.6046765
2.7081223
2.6170654
2.9792771
3.0253053
3.1637926
3.5465324
2.809709
3.1885233
2.9398384
2.882493
3.4217212
3.787439
2.3924022
2.963513
3.222159
2.3634057
3.3191428
3.5029395
2.5836072
3.6290033
2.419332
2.9500384
2.8357525
2.6904097
1.9195857
2.765285
2.9941535
3.4454246
2.9247599
4.618799
3.3125505
2.7178535
2.8501182
3.390089
3.0050676
3.4804075
3.3111699
4.1864924
3.1043303
4.074309
1.7095404
4.406597
2.7570949
1.7717266
3.900799
3.8559098
2.0697684
2.3715715
2.2123528
3.9789982
2.5261726
3.5261855
2.811327
2.3991203
3.0679111
2.068131
2.737691
3.0957062
3.0408163
3.0182154
2.5003452
2.2603488
2.0061889
2.6994534
3.5341551
3.1348884
2.8553514
2.4718103
2.239687
3.3495748
3.1313057
3.2735274
3.3431442
2.710072
3.7284105
3.159147
3.256966
2.8087912
3.738486
2.6087923
4.677847
1.861145
3.0493226
3.0893877
2.3734994
2.9143205
2.7030516
3.2799203
3.8533533
2.9891062
3.4483416
3.1715624
2.039401
2.960215
3.7115073
1.6764879
3.1325
2.3022852
2.5577302
2.2649984
2.713182
2.962047
2.395853
3.3370786
3.07173
3.8204925
3.8098984
2.4997191
3.4435894
3.140506
2.7817426
1.87428
2.872943
2.6788306
4.18451
3.1054137
3.1343656
3.0960138
2.9548993
1.9846835
2.4853234
2.9794645
4.960436
3.8984003
3.1294272
3.1853251
2.412774
4.2737646
2.5996761
3.3641162
3.0599961
2.6751208
2.5521765
3.7951605
2.9606314
3.4400077
3.0750673
2.6689625
3.123849
2.5809822
3.0903509
3.210215
4.0087657
1.5556045
2.0162702
3.4408896
2.8602753
3.3143942
2.6198416
1.8948174
2.0875282
3.145842
2.7825446
2.0502996
2.243084
4.087308
3.2987
2.9919877
2.4679532
3.3768167
2.763928
2.7566218
2.7010283
2.9937153
4.2535906
2.336985
3.3567295
2.3244252
4.166661
3.124707
2.482664
1.9813132
2.489406
2.2871184
2.79179
3.7920427
2.9970474
3.7551029
3.708755
2.6838112
2.893653
3.3472
2.6308765
3.267034
3.3838563
2.419932
3.001424
1.9559073
2.2455254
3.8433344
2.6824064
2.6860013
3.2175171
2.6991258
2.9413671
3.0456693
2.6834102
4.0146227
2.2323904
2.251821
2.952694
3.474988
2.4953012
3.1001558
2.942514
2.876595
3.130205
2.0505948
2.3855658
2.6660295
3.2594562
3.311503
1.6242852
2.6080728
2.7978344
4.0937853
3.1970854
3.0717912
2.2928505
2.3923845
2.9522157
2.4558759
3.1313424
2.2960014
2.0051947
3.7222202
3.4532466
1.4508247
1.800168
2.9217281
3.0566697
3.4930165
2.3389244
3.2949631
2.9860797
2.6241212
2.6673841
3.2324133
2.6334596
2.7508068
2.8902392
3.5835826
2.8087177
3.3974814
4.159695
2.4369254
2.6535525
2.303647
2.4297776
3.170153
2.6053472
3.8188703
2.5797338
2.5553088
2.9589643
3.0778222
4.422498
2.6936693
2.3569202
2.7590308
3.150357
2.8438482
2.8795786
2.9283233
1.3543315
3.0995498
3.8871682
2.598668
2.339417
2.770811
3.5607023
3.254285
2.4631696
2.593904
3.3716927
2.6004286
2.987691
2.4695964
3.2508464
3.1551301
2.9097128
3.1521943
2.78298
2.7348247
2.8035507
3.4327981
3.3032928
3.7465894
3.4966435
1.9449682
3.5225239
1.9957867
2.6895757
3.0519705
3.5828414
3.028157
3.8295577
3.7307873
3.1205366
2.2833595
4.4726567
3.0051146
2.8398142
2.6277943
3.4140599
2.8511953
3.1814256
2.958879
3.8722541
2.8145328
3.106354
2.824914
2.8424625
3.2666337
3.889956
3.1195571
3.3945456
2.0232925
2.4917812
1.5016837
1.7754941
2.7823582
2.8489332
2.837553
2.778081
4.20477
3.1211255
2.094833
2.9244537
2.3829489
2.7595906
3.3312097
2.3952036
2.1143436
2.597014
1.8424392
2.7261477
3.0594516
2.8585162
2.8543038
2.6089692
2.779377
2.3913388
2.7505155
2.9587932
2.932755
2.6551657
1.8462934
2.8096085
2.826939
2.664721
2.9525137
2.6251235
2.1890569
2.9796581
2.6641474
3.0741286
2.3828254
2.777945
3.1512005
3.078225
3.2226934
2.099753
2.799488
2.6574564
3.2314506
2.1940393
3.730711
3.0585213
3.374934
3.2568338
3.0059292
2.7479491
2.3811278
2.6058373
3.1579287
3.1516492
3.4201515
4.0474615
2.7875786
3.0239353
2.3720384
3.429601
2.726797
2.583428
2.747397
1.7115822
3.8178136
2.6302648
2.9253783
2.6354823
2.4488282
2.8612351
3.8951588
2.755723
3.2251399
2.4559922
3.3831291
4.2486935
2.7432728
3.0433342
3.1551201
3.751234
2.726399
3.3417475
2.7389007
2.6875806
2.4962087
3.490293
2.3481627
3.7012963
2.5812173
2.6122222
2.5241728
4.018302
2.8069234
2.6028776
2.6988358
2.3418808
2.8139458
3.3509333
3.2641516
3.174206
3.7120082
2.4969773
3.5321608
3.0393615
2.8883047
2.2226963
2.7180877
3.205243
2.420127
3.0044062
2.9303923
2.8436065
2.87572
3.5898771
3.1951563
2.7386098
3.407797
2.971281
2.7462554
1.83037
2.9568963
2.8513656
2.7896261
3.3863323
3.4706943
3.2869956
3.1670632
2.8126216
3.0609853
2.7010436
3.7277873
3.4204836
3.449533
3.2742202
2.1786265
2.4571257
2.2142663
3.9114935
3.0057836
3.232947
2.977058
3.9171855
2.4883208
2.6412396
2.3750029
3.1751742
2.519506
3.2560577
3.1704872
2.7119503
2.1256442
2.7507162
3.1416366
2.334187
4.178006
3.1097388
2.4817934
3.1865442
3.0405746
2.4880667
2.97149
3.4313655
2.1946812
2.518734
2.6845074
2.9913602
2.7478404
2.3783145
3.5879447
2.453063
2.9856749
2.072713
3.1659954
2.2325764
3.1682706
3.0144644
3.7011905
2.625433
1.6755457
2.6339045
4.0879583
2.69551
3.5039275
2.5803852
2.307507
1.9221196
2.876853
2.261684
2.7765727
4.147495
3.0023224
3.0492988
2.994995
4.0768204
2.5423942
2.4034767
3.6458545
3.7298594
3.2634356
3.2541192
2.2610726
2.912817
3.0124314
1.8850012
3.0635996
2.8632689
1.910007
2.7348228
2.6003156
3.266906
1.744555
3.4619286
3.3076336
2.0485344
3.70205
3.331006
2.7062607
3.6961617
3.723652
2.1843824
3.1483455
2.8139725
3.1892178
3.2222474
2.9100757
3.3087025
2.7266564
1.7746406
3.7559092
2.00206
3.017178
3.1192486
3.5593963
3.202059
2.8502474
3.3734941
3.248656
2.8956742
2.9026237
3.1291776
4.2413626
2.2051134
2.8554688
2.7897305
3.2600763
2.7932706
2.4952707
2.691299
2.3254638
2.5972009
4.5573673
2.6858034
2.9040737
2.9709015
2.974895
2.9268103
3.5236323
3.107235
3.32207
2.959999
2.794765
3.4351902
2.6906052
2.6363907
2.7623415
2.3709674
2.0059357
1.7316298
3.5643613
2.9881434
2.381609
3.1783578
2.8744407
2.5933428
3.0278811
3.1981363
3.4593995
2.4125075
2.8893623
2.321827
2.5882812
3.0597196
3.2487733
2.9229603
3.1848872
2.9013853
2.7647448
3.2930055
3.2774136
3.7683394
2.255591
3.2214193
2.930987
2.6451397
2.1098757
3.2318835
3.6046965
2.0820436
2.9071598
3.795693
3.3358884
2.7789989
2.953971
4.2115602
2.692443
3.4216766
2.5485158
3.2790184
1.822259
2.70228
3.5508425
2.3928337
3.1029701
2.7289367
3.2559657
2.372714
1.7003746
3.0145085
2.8945951
2.3275547
2.0436773
2.6176734
2.3757982
2.1733632
2.4197001
2.3988385
1.728046
2.7781496
2.587524
2.3197856
4.2794166
3.649565
1.7966466
2.2205873
2.1109734
2.665882
2.6976438
2.8243623
3.4333966
2.4585004
1.6878719
3.4754052
2.9386134
2.23201
2.98589
2.905662
1.8002176
3.336734
2.8819857
2.9014335
4.2241526
2.4805193
3.55807
2.434011
3.0704339
3.1534622
2.058241
2.6175003
2.6700106
3.2135391
3.6527567
2.7656612
3.431908
3.382101
2.9738255
2.934732
3.464327
3.5809388
3.3310707
2.987597
2.8268948
2.7069893
1.630003
3.573549
4.0189643
2.9193664
3.055903
4.2674966
3.195219
3.1673172
2.6989946
2.8535523
3.79515
3.9619324
4.0221424
2.5314536
2.8504686
2.7518048
2.3624582
2.807025
3.1287298
3.1628854
3.9318035
3.2504532
4.1460695
3.3539555
3.2709749
2.2944665
3.0025158
3.5107324
3.0574987
3.6337607
2.9637804
2.701726
2.7266412
2.7018046
3.1852336
3.5723672
3.3496292
3.2759306
1.3317518
1.7548327
2.913713
2.0600233
2.9143443
2.4136157
2.9383512
3.5399692
3.190327
2.803164
2.5379066
2.9318585
3.238818
2.691503
2.4042416
2.8462405
2.6147704
3.3985417
2.4978652
3.3296943
3.1748407
3.482196
2.0189238
3.0130026
2.7561731
2.9966555
3.7230797
3.284465
3.9461842
2.7404308
3.0877304
3.8199456
2.681007
3.1958497
3.4822524
2.785482
2.3791485
2.4349146
2.6131096
3.3147407
2.4825587
3.3217824
2.839428
3.753896
2.2442036
2.6567287
3.7518659
3.0702848
2.1502247
2.9695153
3.0677316
3.58832
2.064785
3.1874886
2.6156588
2.9058871
3.405181
3.1561844
3.3799105
3.1065412
2.4542804
2.9300046
2.9503522
3.384776
3.6089551
3.286217
2.76863
2.795816
2.5843253
2.425686
2.9011507
1.9610238
2.6402102
3.500686
3.2629166
2.997838
3.4073777
2.8385592
3.48531
2.7327337
2.612927
2.1504073
2.7926483
4.3974886
2.135682
3.9814544
3.4157467
3.890791
2.7056298
2.628149
2.406138
3.0702248
2.895761
3.4297285
1.754838
3.4802995
2.1175356
3.1079395
2.0597997
1.861341
2.6913629
2.6649985
2.652481
3.8444352
3.8419325
3.5013955
2.729622
3.4953933
3.4603755
3.6687477
3.0690339
3.6407957
2.8129077
2.6376524
2.9943857
3.0987403
2.5726619
2.7506847
2.6687799
2.6878314
4.009883
2.6403952
2.821189
3.2125165
3.2057917
1.9167514
3.085435
3.2731636
2.7082849
2.6099057
3.8021114
3.221709
3.0538704
3.2510157
2.575161
3.469986
2.6139297
3.3100173
3.166415
2.6722927
2.516564
2.9162025
3.595985
3.122822
2.8958282
1.7241516
2.5756073
3.5011423
2.7187219
2.6544662
2.8122225
3.0595133
2.6482606
3.8093917
3.2876613
2.395462
2.9236965
2.2966986
2.3602853
2.7058163
3.806858
3.068221
2.8246727
3.2318168
3.855258
2.587349
2.6104999
3.4444425
3.418311
2.4753995
2.435341
3.049179
2.8364677
2.943122
2.8731513
3.5452914
3.0376813
2.4211912
2.566234
2.343358
2.4335227
3.5188596
2.9965177
2.7198982
2.6181273
2.6733751
3.1358752
3.1762414
3.453138
3.007542
1.8022256
2.7073627
3.8566883
3.1093278
2.9966726
3.150247
2.3618379
2.4318066
2.4128137
3.8547504
2.3106728
3.6432447
3.2292068
2.7587829
3.810991
3.8871527
2.20863
3.1662533
2.7343917
3.6237824
2.0025039
3.6807358
2.7363153
2.8016853
2.7881002
3.0084672
3.0715272
2.3072538
2.802905
3.7295737
2.6149325
2.7200265
1.7146969
3.0051966
2.9285398
3.032352
2.625718
3.9273973
2.854486
1.7324219
3.483044
2.323594
2.3516893
2.5396433
3.3698952
2.9020038
2.6005554
2.01514
3.2123842
2.6636705
3.193389
3.0028007
4.538748
2.5840707
2.9213839
3.675285
2.7877984
2.8973737
2.2385392
2.7062607
2.2308154
2.673368
3.377
2.6769533
4.2584352
2.5879083
3.5883234
2.8202095
2.8595867
2.9558191
3.1794894
3.7657914
2.7629657
2.9751859
3.0796192
2.906249
2.2628293
3.1598427
2.769216
2.6759853
3.4092472
3.6352148
1.7558174
2.8678164
1.9902005
3.7192054
2.3503928
3.343196
2.8618789
2.854813
3.8017986
3.609466
2.814876
2.915121
2.312553
2.9547281
3.2960947
2.8283944
2.3034225
2.5632029
3.011957
2.8309317
3.0912406
4.0847826
3.2765296
2.8505464
2.9790916
2.5061564
3.7137563
2.7750592
2.983222
4.066537
3.3739443
3.791425
3.4940395
2.5461054
2.6020193
3.2114925
3.0943224
2.9939656
2.8014264
2.947938
4.0652227
2.7772274
2.7040734
3.2693105
4.349457
3.207775
3.097764
3.067082
3.4257426
2.996441
3.0213506
3.8863914
3.047158
2.9922462
3.818788
1.5065265
2.9986029
5.126343
1.8397012
2.5212116
3.010765
3.9033637
3.5165653
3.0116887
2.5549135
3.0555332
4.0997167
2.7785668
2.003109
2.7999163
2.675396
3.550802
2.5174155
2.233447
4.149915
3.2573864
2.5016966
2.364818
2.5658927
2.472074
3.0987308
3.1292126
3.2266068
3.0919933
3.3523393
3.0160594
2.1015
2.86759
2.1667767
2.0541992
2.87535
4.3451977
3.100674
3.0792525
2.470387
3.431269
2.351921
2.774909
3.2066448
2.5857549
3.244006
2.7690778
3.002183
1.9824381
2.8605118
2.848968
2.8719053
2.7720509
2.9335036
2.7306657
2.7184181
3.6325443
2.7247286
3.5189502
2.8209248
3.2672377
3.0788636
3.2801528
2.8376703
3.916003
2.542108
2.836913
3.1917043
3.5342324
2.3516088
2.8939347
3.3674593
2.4060712
4.00531
2.5832987
2.5500154
2.676392
3.8629398
2.2228055
2.7473774
2.8329473
2.398953
3.615183
3.267949
2.8723006
2.0300941
3.4262452
2.4372973
2.8102813
2.3382936
3.692939
3.0136623
3.0254166
2.730453
2.7491312
3.3721657
2.7887254
1.9879279
3.3479497
2.253818
3.3944597
3.5204148
3.585728
3.7096076
2.0808182
2.5686235
3.0024893
4.1481285
2.693194
3.6736252
3.9754558
2.1623325
2.7075539
2.4419723
2.2842774
2.1299334
3.0034666
2.9959111
3.3905356
3.342234
2.5632553
2.2555122
3.3499465
3.1652162
3.9305403
2.367261
2.7452059
1.8126445
3.011758
3.154177
2.723783
2.7857351
3.2080853
4.7382483
2.4531784
3.1766932
2.7369165
3.222352
2.1605415
2.7569447
1.3590522
3.3760748
2.4331837
2.8282752
2.170457
3.1446395
2.8960295
2.0670233
3.0545192
2.6182723
4.1145306
2.685206
3.026409
2.4477205
3.2565792
3.4891248
2.90417
2.4554753
2.4966135
3.513241
2.9262338
2.512457
2.2431269
2.3928647
2.2655735
3.631524
2.5799708
3.3177476
3.2614772
2.4530816
2.762466
3.0415146
2.8416963
3.0993495
4.2581515
2.6972132
4.0106506
2.333921
3.482048
3.0722659
2.2721205
3.338269
1.9240718
3.4970994
1.6895123
1.2453566
3.2495806
3.3178446
4.2554197
3.7040336
2.8506494
3.0824335
3.025909
3.5898411
2.2593002
3.1365762
2.6123734
2.7379909
2.3180714
3.084199
4.335944
2.1000962
3.369301
2.477807
1.8536687
2.6482105
3.0217872
2.546855
2.7814775
3.229314
1.8380771
3.361079
2.7879324
3.1375532
2.9091334
3.3603044
2.937477
3.7198043
2.6606398
2.6778464
3.030209
2.663323
3.1834114
1.6355152
2.1552105
1.8008423
2.665368
2.126432
2.9096298
2.7948027
3.4270055
2.9901958
2.8114896
2.5667634
3.5235376
3.1832926
2.7463956
2.50921
3.274113
2.4502792
3.4370794
2.9006948
2.6448421
3.312895
3.0979166
2.85752
3.7688885
3.3164246
2.7317595
3.1726341
2.7008467
2.9832249
2.5214372
2.5688572
3.1800385
2.6877475
2.1208925
2.4837852
2.8786469
3.076683
2.68569
3.1989782
3.2060022
2.6877475
3.6998696
2.2299018
1.9435906
2.5428433
3.4721804
2.5599751
3.4824712
2.392446
2.084875
3.4410534
3.1671088
4.670479
3.4501176
3.2623923
3.1025696
3.0748143
2.9114184
2.4760275
3.4280174
2.0734987
2.5486832
3.1566906
1.8846884
3.3041635
2.4433746
3.4463596
2.7532544
2.3902507
2.0610027
3.1714692
2.8537192
3.3435395
2.7910542
2.1584082
2.7271686
2.9152284
2.7379537
2.43675
3.0189404
3.2717767
2.77423
2.8617492
4.057067
2.9930882
2.9289012
3.4249792
3.4512558
1.6010485
2.3632517
3.4009748
3.376916
3.02791
2.7960176
1.7196364
2.0000935
4.375124
3.1861777
2.5997992
2.3561
3.137303
2.8707075
2.2762504
3.9551
3.0675156
2.934461
2.6371427
3.670349
3.0206518
3.1140428
2.8153424
3.2288709
3.570511
3.2288084
2.633986
3.2570453
3.522502
2.7550883
3.1919065
2.0167189
1.4960055
3.9923763
2.6499662
2.4622397
4.217208
2.1728992
2.8642745
2.45338
3.0722907
3.6015272
3.2745154
3.0509682
3.4731395
3.0063915
2.6786766
3.5067778
3.0742886
3.099831
3.0571113
2.93917
2.5015888
2.816976
2.9718199
3.3494916
2.6488667
3.2160573
1.8110652
3.2990837
3.272367
3.3693733
2.7120957
3.0996609
3.0089447
2.4850922
4.186696
4.093073
3.0452845
2.2842965
2.5055542
2.576528
3.0360758
4.3561597
2.5072532
3.7562876
2.8174472
2.7998128
1.8232961
3.4554803
2.8630743
3.7612245
2.629109
2.8491292
3.9108987
2.813765
2.228538
2.9899364
2.5766897
2.9459934
2.1383166
2.9772644
2.825211
3.0886757
3.7211533
3.0320575
2.9038582
1.8867569
3.1999176
3.5087285
2.4417763
1.8675013
1.8456059
3.3814127
3.3517227
3.0242765
2.9156313
3.1401548
2.4434462
3.037839
3.664736
3.0163398
2.9810514
3.7590601
3.1950023
2.9226923
1.8255348
3.7955825
2.531653
3.0677023
2.818242
3.410161
3.4196332
3.0495908
2.7728734
3.2904284
2.5897088
2.4228716
2.116446
3.1004496
3.756795
2.6005135
3.778032
2.3581252
2.5053082
4.1292458
3.2845223
2.696766
4.1150417
3.1099317
2.157237
3.0636325
3.0904675
3.364047
2.5513487
2.8468065
3.1498046
1.5365596
3.5092816
2.7449503
3.4927104
2.3258653
2.6677012
3.127364
2.7038894
2.4786263
2.136868
1.9803624
5.2289853
2.6204042
3.0096328
3.202372
3.1783178
2.9463873
3.2026324
2.9791842
3.2663007
1.9372768
2.6909904
2.8685703
3.9199724
2.4860606
2.8295527
3.3893006
2.9715037
3.5365932
2.3238363
3.3278313
2.3041792
2.9142456
3.92549
3.262358
2.1071906
2.6156344
3.7234833
3.1553223
2.4707274
2.6343713
2.7982574
3.2070093
2.657298
2.2878103
2.6064272
2.8637047
2.708498
2.9720597
3.1010203
2.7157993
2.649159
2.891098
2.6225038
2.0246224
2.6103349
2.9615364
2.488264
2.9921498
3.0591927
2.9344215
3.0025
2.8030677
1.9702868
2.3639603
2.8474927
3.7097208
2.0831356
2.9486146
4.4516625
2.6271644
2.8341784
2.3975759
2.9869695
3.2094285
3.1558964
3.2902603
3.5231361
2.2525625
3.785659
2.6803455
2.49788
2.677176
2.4064183
4.654122
3.240431
2.8443604
2.7682753
3.1851456
3.5023944
3.7027824
3.4865975
4.573955
3.1328354
2.4523754
2.9370728
2.8146172
2.3639889
2.4748797
2.9270773
3.4249947
3.874054
4.869171
3.1528873
5.233062
3.0363448
2.8052082
4.159683
2.3853726
3.77557
2.3880305
2.6700416
2.7407098
3.2030294
2.976482
2.2919302
3.1365008
3.174365
1.8487902
2.4247885
1.21314
2.5885515
3.4363098
2.6750112
2.6504698
2.77881
2.9786081
2.7990975
4.0065947
3.7274172
3.0018582
2.7880182
2.5909777
3.1421585
2.6005197
2.7551079
1.9356923
3.2197556
2.2495313
3.4104307
2.9753876
2.3298378
4.3376346
3.7152326
2.7353687
2.6323948
3.1433566
2.575019
2.6997395
3.3320928
3.286471
2.6844454
2.1327553
2.5066128
2.8943558
2.705206
3.69723
3.907415
2.6351633
2.0287232
2.9986863
3.1996622
2.585144
3.6851947
3.0691152
4.147831
2.0453386
4.186022
3.1124275
3.3073127
3.1307123
2.3662238
3.2779555
2.7261128
3.3858423
3.179436
3.669848
2.8277636
3.1875465
3.0903878
2.3313675
2.09524
2.07382
3.264041
2.8522415
2.6645079
2.512869
3.7348483
3.4280484
2.6254969
2.5845523
1.791975
3.2607625
2.523717
2.8189416
2.7574844
2.014728
3.8355365
3.3431387
2.677423
4.525052
2.9690547
2.9993372
1.8945522
2.7741742
2.4313717
3.991258
2.1406941
2.701655
2.8202658
3.1397755
2.6700354
3.067309
2.460372
4.3755474
3.1797101
2.7512088
4.5754137
3.4712806
3.0949454
2.544013
2.2850175
3.3139017
2.2418156
2.0940218
3.0670173
3.5817022
3.3555133
2.965475
3.7121794
2.9962997
3.2087293
3.3851733
4.2281456
2.962287
2.7242112
2.3849893
3.1972106
3.196948
3.113834
2.758298
2.7501178
3.863752
3.158956
2.7117267
3.1271763
3.0477304
2.3790402
3.9384289
3.5351887
2.4472961
2.8329911
3.4311209
4.1916366
3.9150293
1.6182823
2.2849216
3.4958727
1.8222189
3.4921565
2.7151031
4.961913
1.6041412
2.9915953
1.1946692
2.141903
3.1267061
2.8237696
3.316034
4.6905975
3.0916767
2.78894
3.4890654
2.8133426
3.0370135
2.4526644
3.4030366
3.245911
3.6858807
3.1379502
3.3317218
2.4849958
3.7088485
2.7456598
2.7495046
2.693317
3.3764522
3.5076663
3.3192484
2.8253322
3.637376
2.5657887
2.6885839
3.0724041
2.2348418
3.1721857
3.2570734
2.8887687
3.4318469
3.6669645
2.7663336
3.6949024
2.8308287
2.9146624
2.4203353
3.2944846
3.4097683
3.3258536
2.8829498
2.8745222
2.0565968
2.6777678
2.4054327
3.3117378
4.4554744
2.9184232
2.290052
3.208749
3.7144263
3.290387
2.5532598
3.152114
2.6518693
3.7361095
2.835196
2.6161828
2.9318724
2.5408154
1.7430177
2.1339836
2.5009947
3.726494
3.845144
2.91152
2.8940496
2.5222178
2.959455
2.3618665
2.3951173
2.9222684
2.5173526
2.7408915
2.7720356
3.021882
2.5872831
2.861889
3.6953685
2.6867366
3.3073113
3.057174
3.1210675
3.2953346
3.0022833
2.3675585
3.0323334
2.7075691
2.9302812
3.993485
2.4110818
3.7732832
2.7019782
3.4223344
2.7802906
3.1062171
2.616784
3.204054
1.7545953
3.2595274
3.3170388
2.9454212
2.4821815
3.0218184
2.9020538
2.5857434
2.7649884
2.4111433
2.9751053
3.7248425
3.1581373
2.5743036
3.0073526
2.6236382
2.9497728
3.1808162
3.629138
2.7626524
1.9984674
2.1564012
3.1022367
3.0720968
1.986331
3.2997482
2.352713
3.2837856
2.9137602
2.8827572
2.878533
2.9207234
3.775304
3.1659853
2.3244953
2.1737256
2.5715146
3.31667
2.847139
4.1104736
3.5357459
3.753972
3.250151
2.878748
2.9842582
2.203115
3.6713955
3.942703
2.8251863
2.9548597
2.9255428
3.203119
3.9770205
2.3952208
2.6116934
2.7214956
2.4375167
3.0477717
2.261722
2.9569373
2.317431
3.2835782
2.9834538
3.6851156
3.200255
3.6555524
3.1384408
2.8266582
3.7927217
2.0617566
3.3982117
2.7061276
2.698432
3.047535
3.043335
1.9884176
2.3045888
2.7483292
2.786181
2.9544058
3.096158
2.290928
3.073347
1.8228168
3.3244753
2.6352153
3.150731
3.3953524
2.8572931
3.2649496
2.6469998
2.3397589
1.8273268
3.0100837
3.4874594
3.2292798
2.837565
1.8290381
2.5723605
3.4858365
4.4778223
2.6667228
4.07858
3.0936756
2.4550338
2.083417
2.995595
3.0697672
2.7325978
2.7993321
3.2254405
3.4214363
3.1393833
2.791957
2.526641
2.0000496
2.9480877
1.9699807
4.409849
3.0869038
2.077022
2.496688
2.8332334
2.8731117
2.7982287
4.758084
3.0996668
1.6213856
3.2793982
1.6099334
2.7374735
2.6963015
2.8579412
3.521325
3.267073
5.3655267
3.6726365
2.5426812
2.9410806
3.0831013
2.3911266
2.847959
2.1574354
2.3317218
2.8441148
4.2073493
3.036831
4.337552
3.0564313
4.0398273
4.6413107
2.8609982
2.20194
2.3982153
3.4934695
3.6115224
2.7985315
3.3000815
2.871152
2.937995
1.7755733
3.180041
2.6839418
3.1816475
3.980949
3.617146
3.0212672
1.2323117
2.540441
3.2889633
2.4150672
3.4131756
2.2630339
2.142385
2.3419027
2.7667608
1.8161831
2.9947472
3.7008183
2.4924374
2.8145604
2.4532547
3.3209383
3.7835016
3.6183145
5.174818
1.7209725
2.3395185
1.9257917
2.4884043
3.2802126
3.1365488
3.2954211
2.7338357
2.6895761
3.5836284
2.2956872
2.8678546
2.7219348
2.9579487
3.1379607
4.1953964
2.731575
3.1271763
2.6744995
2.3423362
2.6500502
2.8549943
2.982842
2.8656363
2.7124624
2.39254
4.505463
2.7627215
2.9989424
3.2395778
2.9597673
3.4626334
2.4902081
2.6968942
2.3789134
2.8941746
3.1207745
3.2111716
2.413402
2.0122337
3.2574754
3.6624434
3.4624424
3.3719845
3.2964342
3.8504062
3.0347643
3.272058
3.5646164
2.676289
2.306672
2.8124413
3.0408607
2.9346404
3.0468524
1.6407757
2.7422714
3.5564706
4.5869074
2.6523438
2.2811346
2.8586445
4.3626127
1.8284259
2.817883
2.789894
2.4392185
3.0102243
1.9810019
3.4484458
3.1126418
2.8080387
2.7601795
3.5419126
2.5256343
3.2283077
2.7692533
3.189576
3.4064665
2.370201
3.516748
2.5464087
4.1136165
2.6528401
3.871482
3.5172296
3.509357
4.7971973
4.309848
3.2530704
4.087202
3.3691285
3.3413389
3.1606834
2.7077155
2.4816113
4.292777
3.0933604
2.934628
3.089173
3.0199008
2.3673377
2.1247487
3.0455673
3.2455382
3.0895307
2.6194634
3.1463661
3.1049156
2.4895797
2.6541867
2.5078
3.3545127
2.8416429
3.0022361
2.8311958
1.9229255
3.11386
3.1032755
2.6891623
3.6728833
2.6740766
2.052662
2.3141408
1.2863984
2.79079
3.2072778
2.2561793
3.3011265
3.0899484
3.7738996
2.7736373
3.0635345
3.0015097
3.1651237
2.988062
2.826325
2.2805052
3.5151665
3.1995027
2.13971
2.8198895
3.3360224
2.243021
3.122888
2.9549956
3.6680112
3.599268
3.1479113
3.3441253
1.98213
3.109998
2.3957005
3.441506
3.8412387
3.1554549
2.786398
2.44586
2.420436
2.3840003
3.5010455
3.0948384
3.381996
2.1092453
2.6496425
3.563153
2.8017817
2.6149378
3.516558
2.3888826
2.4083061
2.9600677
3.4780128
2.7940555
3.2961473
3.3650367
3.152206
2.7586951
2.3200283
2.1413822
3.6963625
2.1844158
2.9704704
3.4540954
2.9263206
2.5799198
3.2145567
3.7215364
3.3312638
2.483223
2.668497
1.6070938
3.2615464
2.4230342
3.284324
1.898335
4.85478
3.070625
2.5782132
3.3221319
3.0108728
3.0861537
3.1694868
1.531178
3.012598
2.610127
3.3438861
3.6722407
3.3847008
3.2490797
3.2539604
2.5885081
3.3990328
2.4351263
3.1376872
2.8464928
2.6495414
3.2431107
3.5163739
2.7166529
3.1490614
2.9199743
3.2035744
3.1243792
2.871481
2.841732
3.5704384
2.563745
3.535678
3.2385662
2.6949787
2.3404908
3.8284783
3.292588
3.1679351
2.5789447
2.9573207
3.8255951
3.9740918
3.2481923
2.9341216
2.2287416
1.9518032
2.7458181
4.0806084
2.4124446
3.4634767
3.2694173
3.347219
2.4670215
2.2985082
3.0032942
2.1649928
2.5927243
2.6894765
2.855063
2.9539547
3.1418383
3.269971
2.4517841
3.3763545
3.2832017
2.7735806
3.2053463
3.980586
2.6356258
4.371214
1.5369844
3.62196
3.2126503
2.9856048
2.8070989
2.8875666
2.666038
3.9258325
3.1151204
3.0480578
3.4210706
2.9972415
2.774189
2.178093
2.906588
2.236095
3.3247569
2.478582
3.3319848
3.438924
3.2404945
2.4283643
1.7774024
3.372002
3.043234
3.390775
3.8298457
4.0185003
3.2695026
2.931738
3.2466166
3.7299852
3.5612912
3.334897
2.8846083
2.2038355
3.5403903
2.3456812
2.540279
3.7398832
3.064135
2.69409
2.9232054
2.729978
2.377934
2.721499
3.7715366
2.797639
3.4040236
3.1224496
2.2368436
4.1203327
2.5087428
2.40104
2.9695516
3.1412473
3.7984347
2.765357
3.5229552
2.6864815
2.8001976
2.9114385
2.6525183
3.3483627
2.8770695
2.9434566
3.2483032
2.1184697
2.9850016
1.863121
2.8083606
2.4980564
3.9808488
2.5819116
2.7239819
4.138034
3.6417983
4.532734
1.6992693
4.165471
2.672679
2.9723978
2.5519524
2.9480643
3.558073
3.9771698
2.992898
3.126291
3.5295832
3.8569655
2.7538338
2.7220364
2.2015162
3.1587026
3.5568972
2.8550572
1.5921435
2.6894479
2.8038855
3.019916
1.8767309
2.6573997
2.7897964
2.0712414
2.7205272
2.3372593
3.2727714
3.0563195
3.5438807
2.923851
2.7171507
3.2002697
2.667336
3.7905369
3.2337947
2.4268265
2.818252
3.0006115
2.69058
2.266316
2.9381914
3.2190037
2.7177672
3.2488487
3.928361
4.4543743
3.7254143
2.780604
3.226026
2.292472
2.8053293
3.015352
2.9573035
2.5701084
2.8910894
3.837539
3.0234873
2.139226
2.8366222
2.5165367
2.62809
2.6716685
3.4668343
2.7210217
2.743538
3.3573174
2.814787
2.9098334
4.3416414
3.2359633
3.5046167
2.9635363
2.7093997
2.5009813
3.1754367
3.241872
3.282971
2.0565863
1.8912282
2.5859685
2.961894
2.4683251
3.2260466
2.4892201
2.9027987
2.4354339
2.1577435
4.0821853
2.455945
2.73135
3.8951848
2.825776
2.5849705
3.5836792
3.3767962
2.2256236
3.8469434
3.2687836
1.8252621
3.2535713
2.8690915
2.8366556
2.5523996
3.026539
3.306465
2.8192124
2.8162746
3.7607846
2.7886267
3.822383
2.2781444
2.3868861
3.1464872
2.5829015
2.1468964
3.8770177
2.9260068
2.5092597
3.1056788
2.8575315
3.0039957
2.801826
3.7811966
2.3938756
3.2194338
2.341024
2.864512
3.2864606
2.880353
2.7002072
4.1938653
2.964343
2.8401432
2.694316
2.6893787
3.3936563
3.2031336
3.5817702
2.980701
2.4278069
3.5167906
4.195387
3.443264
2.7810583
2.837819
3.4976106
3.2813108
3.5523798
4.340621
3.5919766
3.3845692
3.3176782
3.208011
3.3623104
3.2885873
2.1628428
2.6691213
2.6512713
1.6780963
1.9628911
2.8295355
4.506851
2.2895412
2.4218678
2.5769029
2.2755275
2.8097763
3.2560384
3.101807
2.986055
2.963891
2.8058934
2.177435
3.3350215
2.6394582
3.9542313
3.8461328
3.3328717
3.235168
4.3922925
2.9280415
2.8572683
2.9248643
4.094821
3.521181
2.511198
2.8298078
3.6099746
3.751092
2.493044
3.4014006
2.992463
1.6092658
2.8591356
2.0417662
